# Benchmark Results: Language Comparison

**Last updated:** 2026-04-17 06:15:42 PM ET

**Status:** 144/144 runs completed, 0 remaining
**Total cost so far:** $436.67
**Total agent time so far:** 5098.1 min

## Rankings by Language/Model/Effort

*Lower rank = better on that axis (1 = fastest / cheapest / highest LLM score).*
*LLM Score = Overall (1-5) from LLM-as-judge of generated test code (dimensions: coverage, rigor, design). `—` = no judge data.*

| Language | Model | Duration | Cost | LLM Score |
|----------|-------|----------|------|-----------|
| csharp-script | opus46 | 7 | 8 | 3 |
| csharp-script | sonnet46 | 6 | 4 | 8 |
| default | opus46 | 4 | 6 | 1 |
| default | sonnet46 | 1 | 1 | 4 |
| powershell | opus46 | 3 | 5 | 2 |
| powershell | sonnet46 | 5 | 3 | 6 |
| powershell-strict | opus46 | 8 | 7 | 5 |
| powershell-strict | sonnet46 | 2 | 2 | 7 |


<details>
<summary>Sorted by Duration rank (fastest first)</summary>

| Language | Model | Duration | Cost | LLM Score |
|----------|-------|----------|------|-----------|
| default | sonnet46 | 1 | 1 | 4 |
| powershell-strict | sonnet46 | 2 | 2 | 7 |
| powershell | opus46 | 3 | 5 | 2 |
| default | opus46 | 4 | 6 | 1 |
| powershell | sonnet46 | 5 | 3 | 6 |
| csharp-script | sonnet46 | 6 | 4 | 8 |
| csharp-script | opus46 | 7 | 8 | 3 |
| powershell-strict | opus46 | 8 | 7 | 5 |

</details>

<details>
<summary>Sorted by Cost rank (cheapest first)</summary>

| Language | Model | Duration | Cost | LLM Score |
|----------|-------|----------|------|-----------|
| default | sonnet46 | 1 | 1 | 4 |
| powershell-strict | sonnet46 | 2 | 2 | 7 |
| powershell | sonnet46 | 5 | 3 | 6 |
| csharp-script | sonnet46 | 6 | 4 | 8 |
| powershell | opus46 | 3 | 5 | 2 |
| default | opus46 | 4 | 6 | 1 |
| powershell-strict | opus46 | 8 | 7 | 5 |
| csharp-script | opus46 | 7 | 8 | 3 |

</details>

<details>
<summary>Sorted by LLM Score rank (best first; no-data last)</summary>

| Language | Model | Duration | Cost | LLM Score |
|----------|-------|----------|------|-----------|
| default | opus46 | 4 | 6 | 1 |
| powershell | opus46 | 3 | 5 | 2 |
| csharp-script | opus46 | 7 | 8 | 3 |
| default | sonnet46 | 1 | 1 | 4 |
| powershell-strict | opus46 | 8 | 7 | 5 |
| powershell | sonnet46 | 5 | 3 | 6 |
| powershell-strict | sonnet46 | 2 | 2 | 7 |
| csharp-script | sonnet46 | 6 | 4 | 8 |

</details>

## Tiers by Language/Model/Effort

*Duration / Cost tier = ratio of this combo's average to the best combo's average on that axis (lower ratio = better). Bands: **A** ≤1.15×, **B** ≤1.40×, **C** ≤1.80×, **D** ≤2.50×, **E** >2.50×.*
*LLM Score tier = absolute Overall score band. **A** ≥4.5, **B** ≥3.5, **C** ≥2.5, **D** ≥1.5, **E** <1.5, `—` = no data.*
*If every row in a column is tier A, those combos are effectively tied on that axis.*

| Language | Model | Duration | Cost | LLM Score |
|----------|-------|----------|------|-----------|
| csharp-script | opus46 | D (40.2min) | E ($5.59) | B (4.1) |
| csharp-script | sonnet46 | D (33.1min) | D ($2.77) | B (3.5) |
| default | opus46 | D (30.8min) | E ($3.99) | B (4.4) |
| default | sonnet46 | A (16.7min) | A ($1.23) | B (4.1) |
| powershell | opus46 | C (30.1min) | E ($3.65) | B (4.2) |
| powershell | sonnet46 | D (31.1min) | B ($1.63) | B (4.0) |
| powershell-strict | opus46 | E (52.8min) | E ($4.92) | B (4.1) |
| powershell-strict | sonnet46 | B (21.9min) | B ($1.55) | B (3.8) |

## Failed / Timed-Out Runs

| Task | Language | Model | Duration | Reason | Lines | actionlint | act-result.txt |
|------|------|-------|----------|--------|-------|------------|----------------|
| CSV Report Generator | csharp-script | opus46 | 271.2min | exit_code=-1 | 165 | n/a | no |
| REST API Client | powershell | opus46 | 257.5min | exit_code=-1 | 629 | n/a | no |
| Config File Migrator | csharp-script | opus46 | 54.2min | exit_code=-1 | 1899 | n/a | no |
| Database Seed Script | csharp-script | sonnet46 | 28.1min | exit_code=-1 | 2013 | n/a | no |
| Environment Matrix Generator | powershell-strict | sonnet46 | 30.0min | exit_code=-1 | 586 | n/a | no |

*5 run(s) excluded from averages below.*

## Comparison by Language/Model/Effort
*(averages exclude failed/timed-out runs)*
*Avg LLM Score = Overall (1-5) from LLM-as-judge of generated test code (dimensions: coverage, rigor, design). `—` = no judge data.*

| Language | Model | Runs | Avg Duration | Avg Duration Net of Traps | Avg Errors | Avg Turns | Avg Cost | Total Cost | Avg LLM Score |
|----------|-------|------|--------------|---------------------------|------------|-----------|----------|------------|---------------|
| csharp-script | opus46 | 16 | 40.2min | 3.8min | 154.0 | 163 | $5.59 | $89.38 | 4.1 |
| csharp-script | sonnet46 | 17 | 33.1min | 21.3min | 59.9 | 86 | $2.77 | $47.12 | 3.5 |
| default | opus46 | 18 | 30.8min | -18.0min | 149.4 | 148 | $3.99 | $71.84 | 4.4 |
| default | sonnet46 | 18 | 16.7min | 10.0min | 35.5 | 51 | $1.23 | $22.08 | 4.1 |
| powershell | opus46 | 17 | 30.1min | 0.9min | 101.4 | 112 | $3.65 | $61.98 | 4.2 |
| powershell | sonnet46 | 18 | 31.1min | 22.5min | 46.9 | 63 | $1.63 | $29.38 | 4.0 |
| powershell-strict | opus46 | 18 | 52.8min | 14.3min | 134.1 | 145 | $4.92 | $88.48 | 4.1 |
| powershell-strict | sonnet46 | 17 | 21.9min | 16.7min | 32.5 | 48 | $1.55 | $26.42 | 3.8 |


<details>
<summary>Sorted by avg cost (cheapest first)</summary>

| Language | Model | Runs | Avg Duration | Avg Duration Net of Traps | Avg Errors | Avg Turns | Avg Cost | Total Cost | Avg LLM Score |
|----------|-------|------|--------------|---------------------------|------------|-----------|----------|------------|---------------|
| default | sonnet46 | 18 | 16.7min | 10.0min | 35.5 | 51 | $1.23 | $22.08 | 4.1 |
| powershell-strict | sonnet46 | 17 | 21.9min | 16.7min | 32.5 | 48 | $1.55 | $26.42 | 3.8 |
| powershell | sonnet46 | 18 | 31.1min | 22.5min | 46.9 | 63 | $1.63 | $29.38 | 4.0 |
| csharp-script | sonnet46 | 17 | 33.1min | 21.3min | 59.9 | 86 | $2.77 | $47.12 | 3.5 |
| powershell | opus46 | 17 | 30.1min | 0.9min | 101.4 | 112 | $3.65 | $61.98 | 4.2 |
| default | opus46 | 18 | 30.8min | -18.0min | 149.4 | 148 | $3.99 | $71.84 | 4.4 |
| powershell-strict | opus46 | 18 | 52.8min | 14.3min | 134.1 | 145 | $4.92 | $88.48 | 4.1 |
| csharp-script | opus46 | 16 | 40.2min | 3.8min | 154.0 | 163 | $5.59 | $89.38 | 4.1 |

</details>

<details>
<summary>Sorted by avg duration (fastest first)</summary>

| Language | Model | Runs | Avg Duration | Avg Duration Net of Traps | Avg Errors | Avg Turns | Avg Cost | Total Cost | Avg LLM Score |
|----------|-------|------|--------------|---------------------------|------------|-----------|----------|------------|---------------|
| default | sonnet46 | 18 | 16.7min | 10.0min | 35.5 | 51 | $1.23 | $22.08 | 4.1 |
| powershell-strict | sonnet46 | 17 | 21.9min | 16.7min | 32.5 | 48 | $1.55 | $26.42 | 3.8 |
| powershell | opus46 | 17 | 30.1min | 0.9min | 101.4 | 112 | $3.65 | $61.98 | 4.2 |
| default | opus46 | 18 | 30.8min | -18.0min | 149.4 | 148 | $3.99 | $71.84 | 4.4 |
| powershell | sonnet46 | 18 | 31.1min | 22.5min | 46.9 | 63 | $1.63 | $29.38 | 4.0 |
| csharp-script | sonnet46 | 17 | 33.1min | 21.3min | 59.9 | 86 | $2.77 | $47.12 | 3.5 |
| csharp-script | opus46 | 16 | 40.2min | 3.8min | 154.0 | 163 | $5.59 | $89.38 | 4.1 |
| powershell-strict | opus46 | 18 | 52.8min | 14.3min | 134.1 | 145 | $4.92 | $88.48 | 4.1 |

</details>

<details>
<summary>Sorted by avg duration net of traps (fastest first)</summary>

| Language | Model | Runs | Avg Duration | Avg Duration Net of Traps | Avg Errors | Avg Turns | Avg Cost | Total Cost | Avg LLM Score |
|----------|-------|------|--------------|---------------------------|------------|-----------|----------|------------|---------------|
| default | opus46 | 18 | 30.8min | -18.0min | 149.4 | 148 | $3.99 | $71.84 | 4.4 |
| powershell | opus46 | 17 | 30.1min | 0.9min | 101.4 | 112 | $3.65 | $61.98 | 4.2 |
| csharp-script | opus46 | 16 | 40.2min | 3.8min | 154.0 | 163 | $5.59 | $89.38 | 4.1 |
| default | sonnet46 | 18 | 16.7min | 10.0min | 35.5 | 51 | $1.23 | $22.08 | 4.1 |
| powershell-strict | opus46 | 18 | 52.8min | 14.3min | 134.1 | 145 | $4.92 | $88.48 | 4.1 |
| powershell-strict | sonnet46 | 17 | 21.9min | 16.7min | 32.5 | 48 | $1.55 | $26.42 | 3.8 |
| csharp-script | sonnet46 | 17 | 33.1min | 21.3min | 59.9 | 86 | $2.77 | $47.12 | 3.5 |
| powershell | sonnet46 | 18 | 31.1min | 22.5min | 46.9 | 63 | $1.63 | $29.38 | 4.0 |

</details>

<details>
<summary>Sorted by avg errors (fewest first)</summary>

| Language | Model | Runs | Avg Duration | Avg Duration Net of Traps | Avg Errors | Avg Turns | Avg Cost | Total Cost | Avg LLM Score |
|----------|-------|------|--------------|---------------------------|------------|-----------|----------|------------|---------------|
| powershell-strict | sonnet46 | 17 | 21.9min | 16.7min | 32.5 | 48 | $1.55 | $26.42 | 3.8 |
| default | sonnet46 | 18 | 16.7min | 10.0min | 35.5 | 51 | $1.23 | $22.08 | 4.1 |
| powershell | sonnet46 | 18 | 31.1min | 22.5min | 46.9 | 63 | $1.63 | $29.38 | 4.0 |
| csharp-script | sonnet46 | 17 | 33.1min | 21.3min | 59.9 | 86 | $2.77 | $47.12 | 3.5 |
| powershell | opus46 | 17 | 30.1min | 0.9min | 101.4 | 112 | $3.65 | $61.98 | 4.2 |
| powershell-strict | opus46 | 18 | 52.8min | 14.3min | 134.1 | 145 | $4.92 | $88.48 | 4.1 |
| default | opus46 | 18 | 30.8min | -18.0min | 149.4 | 148 | $3.99 | $71.84 | 4.4 |
| csharp-script | opus46 | 16 | 40.2min | 3.8min | 154.0 | 163 | $5.59 | $89.38 | 4.1 |

</details>

<details>
<summary>Sorted by avg turns (fewest first)</summary>

| Language | Model | Runs | Avg Duration | Avg Duration Net of Traps | Avg Errors | Avg Turns | Avg Cost | Total Cost | Avg LLM Score |
|----------|-------|------|--------------|---------------------------|------------|-----------|----------|------------|---------------|
| powershell-strict | sonnet46 | 17 | 21.9min | 16.7min | 32.5 | 48 | $1.55 | $26.42 | 3.8 |
| default | sonnet46 | 18 | 16.7min | 10.0min | 35.5 | 51 | $1.23 | $22.08 | 4.1 |
| powershell | sonnet46 | 18 | 31.1min | 22.5min | 46.9 | 63 | $1.63 | $29.38 | 4.0 |
| csharp-script | sonnet46 | 17 | 33.1min | 21.3min | 59.9 | 86 | $2.77 | $47.12 | 3.5 |
| powershell | opus46 | 17 | 30.1min | 0.9min | 101.4 | 112 | $3.65 | $61.98 | 4.2 |
| powershell-strict | opus46 | 18 | 52.8min | 14.3min | 134.1 | 145 | $4.92 | $88.48 | 4.1 |
| default | opus46 | 18 | 30.8min | -18.0min | 149.4 | 148 | $3.99 | $71.84 | 4.4 |
| csharp-script | opus46 | 16 | 40.2min | 3.8min | 154.0 | 163 | $5.59 | $89.38 | 4.1 |

</details>

<details>
<summary>Sorted by LLM-as-judge score (best first)</summary>

| Language | Model | Runs | Avg Duration | Avg Duration Net of Traps | Avg Errors | Avg Turns | Avg Cost | Total Cost | Avg LLM Score |
|----------|-------|------|--------------|---------------------------|------------|-----------|----------|------------|---------------|
| default | opus46 | 18 | 30.8min | -18.0min | 149.4 | 148 | $3.99 | $71.84 | 4.4 |
| powershell | opus46 | 17 | 30.1min | 0.9min | 101.4 | 112 | $3.65 | $61.98 | 4.2 |
| csharp-script | opus46 | 16 | 40.2min | 3.8min | 154.0 | 163 | $5.59 | $89.38 | 4.1 |
| default | sonnet46 | 18 | 16.7min | 10.0min | 35.5 | 51 | $1.23 | $22.08 | 4.1 |
| powershell-strict | opus46 | 18 | 52.8min | 14.3min | 134.1 | 145 | $4.92 | $88.48 | 4.1 |
| powershell | sonnet46 | 18 | 31.1min | 22.5min | 46.9 | 63 | $1.63 | $29.38 | 4.0 |
| powershell-strict | sonnet46 | 17 | 21.9min | 16.7min | 32.5 | 48 | $1.55 | $26.42 | 3.8 |
| csharp-script | sonnet46 | 17 | 33.1min | 21.3min | 59.9 | 86 | $2.77 | $47.12 | 3.5 |

</details>

## Savings Analysis

### Hook Savings by Language/Model/Effort

Each hook-caught error avoids one test run that would otherwise have been needed to discover it.
Every hook fire (hit or miss) costs execution time for the syntax/type checker.

| Language | Model | Fires | Caught | Rate | Gross Saved | % of Time | Overhead | % of Time | Net Saved | % of Time | Test Run Time | % of Test Time Saved |
|------|-------|-------|--------|------|------------|-----------|----------|-----------|-----------|-----------|---------------|----------------------|


<details>
<summary>Sorted by net saved (most first)</summary>

| Language | Model | Fires | Caught | Rate | Gross Saved | % of Time | Overhead | % of Time | Net Saved | % of Time | Test Run Time | % of Test Time Saved |
|------|-------|-------|--------|------|------------|-----------|----------|-----------|-----------|-----------|---------------|----------------------|

</details>

<details>
<summary>Sorted by net % of test time saved (most first)</summary>

| Language | Model | Fires | Caught | Rate | Gross Saved | % of Time | Overhead | % of Time | Net Saved | % of Time | Test Run Time | % of Test Time Saved |
|------|-------|-------|--------|------|------------|-----------|----------|-----------|-----------|-----------|---------------|----------------------|

</details>

<details>
<summary>Sorted by catch rate (highest first)</summary>

| Language | Model | Fires | Caught | Rate | Gross Saved | % of Time | Overhead | % of Time | Net Saved | % of Time | Test Run Time | % of Test Time Saved |
|------|-------|-------|--------|------|------------|-----------|----------|-----------|-----------|-----------|---------------|----------------------|

</details>

### Trap Analysis by Language/Model/Effort/Category

| Trap | Language | Model | Fell In | Time Lost | % of Time | $ Lost | % of $ |
|------|------|-------|---------|-----------|-----------|--------|--------|
| permission-denial-loops | csharp-script | opus46 | 16 | 349.2min | 6.8% | $87.42 | 20.02% |
| permission-denial-loops | csharp-script | sonnet46 | 17 | 138.8min | 2.7% | $21.10 | 4.83% |
| permission-denial-loops | default | opus46 | 18 | 439.2min | 8.6% | $99.42 | 22.77% |
| permission-denial-loops | default | sonnet46 | 18 | 93.7min | 1.8% | $12.17 | 2.79% |
| permission-denial-loops | powershell | opus46 | 17 | 280.0min | 5.5% | $65.92 | 15.10% |
| permission-denial-loops | powershell | sonnet46 | 18 | 126.0min | 2.5% | $19.18 | 4.39% |
| permission-denial-loops | powershell-strict | opus46 | 18 | 391.5min | 7.7% | $101.79 | 23.31% |
| permission-denial-loops | powershell-strict | sonnet46 | 17 | 81.3min | 1.6% | $9.45 | 2.16% |
| repeated-test-reruns | csharp-script | opus46 | 24 | 55.7min | 1.1% | $16.57 | 3.79% |
| repeated-test-reruns | csharp-script | sonnet46 | 15 | 18.0min | 0.4% | $2.60 | 0.59% |
| repeated-test-reruns | default | opus46 | 50 | 439.7min | 8.6% | $107.75 | 24.68% |
| repeated-test-reruns | default | sonnet46 | 23 | 27.7min | 0.5% | $3.54 | 0.81% |
| repeated-test-reruns | powershell | opus46 | 48 | 215.3min | 4.2% | $50.76 | 11.62% |
| repeated-test-reruns | powershell | sonnet46 | 12 | 21.3min | 0.4% | $3.68 | 0.84% |
| repeated-test-reruns | powershell-strict | opus46 | 49 | 302.7min | 5.9% | $73.02 | 16.72% |
| repeated-test-reruns | powershell-strict | sonnet46 | 6 | 7.0min | 0.1% | $0.64 | 0.15% |
| dotnet-install-loop | csharp-script | opus46 | 16 | 178.6min | 3.5% | $40.93 | 9.37% |
| dotnet-install-loop | csharp-script | sonnet46 | 13 | 44.2min | 0.9% | $7.17 | 1.64% |
| pwsh-invoked-from-bash | powershell | sonnet46 | 1 | 7.7min | 0.2% | $1.46 | 0.33% |
| fixture-rework | default | opus46 | 1 | 0.5min | 0.0% | $0.03 | 0.01% |
| fixture-rework | default | sonnet46 | 1 | 0.8min | 0.0% | $0.15 | 0.03% |
| fixture-rework | powershell | sonnet46 | 1 | 0.5min | 0.0% | $0.08 | 0.02% |


<details>
<summary>Sorted by time lost (least first)</summary>

| Trap | Language | Model | Fell In | Time Lost | % of Time | $ Lost | % of $ |
|------|------|-------|---------|-----------|-----------|--------|--------|
| fixture-rework | default | opus46 | 1 | 0.5min | 0.0% | $0.03 | 0.01% |
| fixture-rework | powershell | sonnet46 | 1 | 0.5min | 0.0% | $0.08 | 0.02% |
| fixture-rework | default | sonnet46 | 1 | 0.8min | 0.0% | $0.15 | 0.03% |
| repeated-test-reruns | powershell-strict | sonnet46 | 6 | 7.0min | 0.1% | $0.64 | 0.15% |
| pwsh-invoked-from-bash | powershell | sonnet46 | 1 | 7.7min | 0.2% | $1.46 | 0.33% |
| repeated-test-reruns | csharp-script | sonnet46 | 15 | 18.0min | 0.4% | $2.60 | 0.59% |
| repeated-test-reruns | powershell | sonnet46 | 12 | 21.3min | 0.4% | $3.68 | 0.84% |
| repeated-test-reruns | default | sonnet46 | 23 | 27.7min | 0.5% | $3.54 | 0.81% |
| dotnet-install-loop | csharp-script | sonnet46 | 13 | 44.2min | 0.9% | $7.17 | 1.64% |
| repeated-test-reruns | csharp-script | opus46 | 24 | 55.7min | 1.1% | $16.57 | 3.79% |
| permission-denial-loops | powershell-strict | sonnet46 | 17 | 81.3min | 1.6% | $9.45 | 2.16% |
| permission-denial-loops | default | sonnet46 | 18 | 93.7min | 1.8% | $12.17 | 2.79% |
| permission-denial-loops | powershell | sonnet46 | 18 | 126.0min | 2.5% | $19.18 | 4.39% |
| permission-denial-loops | csharp-script | sonnet46 | 17 | 138.8min | 2.7% | $21.10 | 4.83% |
| dotnet-install-loop | csharp-script | opus46 | 16 | 178.6min | 3.5% | $40.93 | 9.37% |
| repeated-test-reruns | powershell | opus46 | 48 | 215.3min | 4.2% | $50.76 | 11.62% |
| permission-denial-loops | powershell | opus46 | 17 | 280.0min | 5.5% | $65.92 | 15.10% |
| repeated-test-reruns | powershell-strict | opus46 | 49 | 302.7min | 5.9% | $73.02 | 16.72% |
| permission-denial-loops | csharp-script | opus46 | 16 | 349.2min | 6.8% | $87.42 | 20.02% |
| permission-denial-loops | powershell-strict | opus46 | 18 | 391.5min | 7.7% | $101.79 | 23.31% |
| permission-denial-loops | default | opus46 | 18 | 439.2min | 8.6% | $99.42 | 22.77% |
| repeated-test-reruns | default | opus46 | 50 | 439.7min | 8.6% | $107.75 | 24.68% |

</details>

<details>
<summary>Sorted by $ lost (least first)</summary>

| Trap | Language | Model | Fell In | Time Lost | % of Time | $ Lost | % of $ |
|------|------|-------|---------|-----------|-----------|--------|--------|
| fixture-rework | default | opus46 | 1 | 0.5min | 0.0% | $0.03 | 0.01% |
| fixture-rework | powershell | sonnet46 | 1 | 0.5min | 0.0% | $0.08 | 0.02% |
| fixture-rework | default | sonnet46 | 1 | 0.8min | 0.0% | $0.15 | 0.03% |
| repeated-test-reruns | powershell-strict | sonnet46 | 6 | 7.0min | 0.1% | $0.64 | 0.15% |
| pwsh-invoked-from-bash | powershell | sonnet46 | 1 | 7.7min | 0.2% | $1.46 | 0.33% |
| repeated-test-reruns | csharp-script | sonnet46 | 15 | 18.0min | 0.4% | $2.60 | 0.59% |
| repeated-test-reruns | default | sonnet46 | 23 | 27.7min | 0.5% | $3.54 | 0.81% |
| repeated-test-reruns | powershell | sonnet46 | 12 | 21.3min | 0.4% | $3.68 | 0.84% |
| dotnet-install-loop | csharp-script | sonnet46 | 13 | 44.2min | 0.9% | $7.17 | 1.64% |
| permission-denial-loops | powershell-strict | sonnet46 | 17 | 81.3min | 1.6% | $9.45 | 2.16% |
| permission-denial-loops | default | sonnet46 | 18 | 93.7min | 1.8% | $12.17 | 2.79% |
| repeated-test-reruns | csharp-script | opus46 | 24 | 55.7min | 1.1% | $16.57 | 3.79% |
| permission-denial-loops | powershell | sonnet46 | 18 | 126.0min | 2.5% | $19.18 | 4.39% |
| permission-denial-loops | csharp-script | sonnet46 | 17 | 138.8min | 2.7% | $21.10 | 4.83% |
| dotnet-install-loop | csharp-script | opus46 | 16 | 178.6min | 3.5% | $40.93 | 9.37% |
| repeated-test-reruns | powershell | opus46 | 48 | 215.3min | 4.2% | $50.76 | 11.62% |
| permission-denial-loops | powershell | opus46 | 17 | 280.0min | 5.5% | $65.92 | 15.10% |
| repeated-test-reruns | powershell-strict | opus46 | 49 | 302.7min | 5.9% | $73.02 | 16.72% |
| permission-denial-loops | csharp-script | opus46 | 16 | 349.2min | 6.8% | $87.42 | 20.02% |
| permission-denial-loops | default | opus46 | 18 | 439.2min | 8.6% | $99.42 | 22.77% |
| permission-denial-loops | powershell-strict | opus46 | 18 | 391.5min | 7.7% | $101.79 | 23.31% |
| repeated-test-reruns | default | opus46 | 50 | 439.7min | 8.6% | $107.75 | 24.68% |

</details>

<details>
<summary>Sorted by fell-in count (fewest first)</summary>

| Trap | Language | Model | Fell In | Time Lost | % of Time | $ Lost | % of $ |
|------|------|-------|---------|-----------|-----------|--------|--------|
| pwsh-invoked-from-bash | powershell | sonnet46 | 1 | 7.7min | 0.2% | $1.46 | 0.33% |
| fixture-rework | default | opus46 | 1 | 0.5min | 0.0% | $0.03 | 0.01% |
| fixture-rework | default | sonnet46 | 1 | 0.8min | 0.0% | $0.15 | 0.03% |
| fixture-rework | powershell | sonnet46 | 1 | 0.5min | 0.0% | $0.08 | 0.02% |
| repeated-test-reruns | powershell-strict | sonnet46 | 6 | 7.0min | 0.1% | $0.64 | 0.15% |
| repeated-test-reruns | powershell | sonnet46 | 12 | 21.3min | 0.4% | $3.68 | 0.84% |
| dotnet-install-loop | csharp-script | sonnet46 | 13 | 44.2min | 0.9% | $7.17 | 1.64% |
| repeated-test-reruns | csharp-script | sonnet46 | 15 | 18.0min | 0.4% | $2.60 | 0.59% |
| permission-denial-loops | csharp-script | opus46 | 16 | 349.2min | 6.8% | $87.42 | 20.02% |
| dotnet-install-loop | csharp-script | opus46 | 16 | 178.6min | 3.5% | $40.93 | 9.37% |
| permission-denial-loops | csharp-script | sonnet46 | 17 | 138.8min | 2.7% | $21.10 | 4.83% |
| permission-denial-loops | powershell | opus46 | 17 | 280.0min | 5.5% | $65.92 | 15.10% |
| permission-denial-loops | powershell-strict | sonnet46 | 17 | 81.3min | 1.6% | $9.45 | 2.16% |
| permission-denial-loops | default | opus46 | 18 | 439.2min | 8.6% | $99.42 | 22.77% |
| permission-denial-loops | default | sonnet46 | 18 | 93.7min | 1.8% | $12.17 | 2.79% |
| permission-denial-loops | powershell | sonnet46 | 18 | 126.0min | 2.5% | $19.18 | 4.39% |
| permission-denial-loops | powershell-strict | opus46 | 18 | 391.5min | 7.7% | $101.79 | 23.31% |
| repeated-test-reruns | default | sonnet46 | 23 | 27.7min | 0.5% | $3.54 | 0.81% |
| repeated-test-reruns | csharp-script | opus46 | 24 | 55.7min | 1.1% | $16.57 | 3.79% |
| repeated-test-reruns | powershell | opus46 | 48 | 215.3min | 4.2% | $50.76 | 11.62% |
| repeated-test-reruns | powershell-strict | opus46 | 49 | 302.7min | 5.9% | $73.02 | 16.72% |
| repeated-test-reruns | default | opus46 | 50 | 439.7min | 8.6% | $107.75 | 24.68% |

</details>

#### Trap Descriptions

- **dotnet-install-loop**: Agent stuck in loop trying to install/verify .NET SDK, blocked by CLI sandbox.
- **fixture-rework**: Agent wrote, broke, and rewrote test fixture data (4+ fixture-related commands).
- **permission-denial-loops**: CLI sandbox blocked commands and agent retried instead of adapting (v1 harness issue).
- **pwsh-invoked-from-bash**: Agent used `pwsh -Command`/`-File` from bash `run:` steps instead of `shell: pwsh`, causing cross-shell debugging (parse errors, quoting issues, scope problems, late pwsh discovery in act).
- **repeated-test-reruns**: Same test command executed 4+ times without the underlying code changing.

#### Column Definitions

- **Fell In**: Number of runs (within that language/model) where this trap was detected.
- **Time Lost**: Estimated wall-clock seconds wasted on the trap, based on the number of
  wasted commands multiplied by a per-command cost (15–25s for typical Bash, 45s for Docker runs, 50s for act push).
- **% of Time**: Time Lost as a percentage of total benchmark duration.
- **$ Lost**: Proportional cost impact, calculated as (Time Lost / Run Duration) × Run Cost for each affected run.
- **% of $**: $ Lost as a percentage of total benchmark cost.

### Traps by Language/Model/Effort

| Language | Model | Runs | Traps | Time Lost | % of Time | $ Lost | % of $ |
|------|-------|------|-------|-----------|-----------|--------|--------|
| csharp-script | opus46 | 18 | 56 | 583.4min | 11.4% | $144.91 | 33.19% |
| csharp-script | sonnet46 | 18 | 45 | 201.0min | 3.9% | $30.87 | 7.07% |
| default | opus46 | 18 | 69 | 879.3min | 17.2% | $207.20 | 47.45% |
| default | sonnet46 | 18 | 42 | 122.1min | 2.4% | $15.86 | 3.63% |
| powershell | opus46 | 18 | 65 | 495.3min | 9.7% | $116.68 | 26.72% |
| powershell | sonnet46 | 18 | 32 | 155.5min | 3.1% | $24.40 | 5.59% |
| powershell-strict | opus46 | 18 | 67 | 694.2min | 13.6% | $174.81 | 40.03% |
| powershell-strict | sonnet46 | 18 | 23 | 88.3min | 1.7% | $10.09 | 2.31% |


<details>
<summary>Sorted by time lost (least first)</summary>

| Language | Model | Runs | Traps | Time Lost | % of Time | $ Lost | % of $ |
|------|-------|------|-------|-----------|-----------|--------|--------|
| powershell-strict | sonnet46 | 18 | 23 | 88.3min | 1.7% | $10.09 | 2.31% |
| default | sonnet46 | 18 | 42 | 122.1min | 2.4% | $15.86 | 3.63% |
| powershell | sonnet46 | 18 | 32 | 155.5min | 3.1% | $24.40 | 5.59% |
| csharp-script | sonnet46 | 18 | 45 | 201.0min | 3.9% | $30.87 | 7.07% |
| powershell | opus46 | 18 | 65 | 495.3min | 9.7% | $116.68 | 26.72% |
| csharp-script | opus46 | 18 | 56 | 583.4min | 11.4% | $144.91 | 33.19% |
| powershell-strict | opus46 | 18 | 67 | 694.2min | 13.6% | $174.81 | 40.03% |
| default | opus46 | 18 | 69 | 879.3min | 17.2% | $207.20 | 47.45% |

</details>

<details>
<summary>Sorted by $ lost (least first)</summary>

| Language | Model | Runs | Traps | Time Lost | % of Time | $ Lost | % of $ |
|------|-------|------|-------|-----------|-----------|--------|--------|
| powershell-strict | sonnet46 | 18 | 23 | 88.3min | 1.7% | $10.09 | 2.31% |
| default | sonnet46 | 18 | 42 | 122.1min | 2.4% | $15.86 | 3.63% |
| powershell | sonnet46 | 18 | 32 | 155.5min | 3.1% | $24.40 | 5.59% |
| csharp-script | sonnet46 | 18 | 45 | 201.0min | 3.9% | $30.87 | 7.07% |
| powershell | opus46 | 18 | 65 | 495.3min | 9.7% | $116.68 | 26.72% |
| csharp-script | opus46 | 18 | 56 | 583.4min | 11.4% | $144.91 | 33.19% |
| powershell-strict | opus46 | 18 | 67 | 694.2min | 13.6% | $174.81 | 40.03% |
| default | opus46 | 18 | 69 | 879.3min | 17.2% | $207.20 | 47.45% |

</details>

### Prompt Cache Savings

| Status | Runs | $ Saved | % of $ |
|--------|------|---------|--------|
| Full hit (100%) | 0 | $0.00 | 0.00% |
| Partial | 125 | $4.84 | 1.11% |
| Miss | 14 | $0.00 | 0.00% |

## Test Quality Evaluation

### Structural Metrics by Language/Model/Effort

Automated analysis of test files: test count, assertion count, and test-to-code line ratio.

| Language | Model | Avg Tests | Avg Assertions | Avg Assert/Test | Avg Test:Code Ratio |
|------|-------|-----------|----------------|-----------------|---------------------|
| csharp-script | opus46 | 32.0 | 71.4 | 2.2 | 1.41 |
| csharp-script | sonnet46 | 23.5 | 55.1 | 2.3 | 0.77 |
| default | opus46 | 32.6 | 54.9 | 1.7 | 1.27 |
| default | sonnet46 | 31.7 | 55.8 | 1.8 | 1.30 |
| powershell | opus46 | 39.1 | 66.8 | 1.7 | 38.36 |
| powershell | sonnet46 | 25.7 | 45.3 | 1.8 | 2.47 |
| powershell-strict | opus46 | 37.5 | 71.0 | 1.9 | 76.19 |
| powershell-strict | sonnet46 | 27.0 | 48.9 | 1.8 | 13.65 |


<details>
<summary>Sorted by avg tests (most first)</summary>

| Language | Model | Avg Tests | Avg Assertions | Avg Assert/Test | Avg Test:Code Ratio |
|------|-------|-----------|----------------|-----------------|---------------------|
| powershell | opus46 | 39.1 | 66.8 | 1.7 | 38.36 |
| powershell-strict | opus46 | 37.5 | 71.0 | 1.9 | 76.19 |
| default | opus46 | 32.6 | 54.9 | 1.7 | 1.27 |
| csharp-script | opus46 | 32.0 | 71.4 | 2.2 | 1.41 |
| default | sonnet46 | 31.7 | 55.8 | 1.8 | 1.30 |
| powershell-strict | sonnet46 | 27.0 | 48.9 | 1.8 | 13.65 |
| powershell | sonnet46 | 25.7 | 45.3 | 1.8 | 2.47 |
| csharp-script | sonnet46 | 23.5 | 55.1 | 2.3 | 0.77 |

</details>

<details>
<summary>Sorted by avg assertions (most first)</summary>

| Language | Model | Avg Tests | Avg Assertions | Avg Assert/Test | Avg Test:Code Ratio |
|------|-------|-----------|----------------|-----------------|---------------------|
| csharp-script | opus46 | 32.0 | 71.4 | 2.2 | 1.41 |
| powershell-strict | opus46 | 37.5 | 71.0 | 1.9 | 76.19 |
| powershell | opus46 | 39.1 | 66.8 | 1.7 | 38.36 |
| default | sonnet46 | 31.7 | 55.8 | 1.8 | 1.30 |
| csharp-script | sonnet46 | 23.5 | 55.1 | 2.3 | 0.77 |
| default | opus46 | 32.6 | 54.9 | 1.7 | 1.27 |
| powershell-strict | sonnet46 | 27.0 | 48.9 | 1.8 | 13.65 |
| powershell | sonnet46 | 25.7 | 45.3 | 1.8 | 2.47 |

</details>

<details>
<summary>Sorted by avg test:code ratio (highest first)</summary>

| Language | Model | Avg Tests | Avg Assertions | Avg Assert/Test | Avg Test:Code Ratio |
|------|-------|-----------|----------------|-----------------|---------------------|
| powershell-strict | opus46 | 37.5 | 71.0 | 1.9 | 76.19 |
| powershell | opus46 | 39.1 | 66.8 | 1.7 | 38.36 |
| powershell-strict | sonnet46 | 27.0 | 48.9 | 1.8 | 13.65 |
| powershell | sonnet46 | 25.7 | 45.3 | 1.8 | 2.47 |
| csharp-script | opus46 | 32.0 | 71.4 | 2.2 | 1.41 |
| default | sonnet46 | 31.7 | 55.8 | 1.8 | 1.30 |
| default | opus46 | 32.6 | 54.9 | 1.7 | 1.27 |
| csharp-script | sonnet46 | 23.5 | 55.1 | 2.3 | 0.77 |

</details>


<details>
<summary>Per-run structural metrics</summary>

| Task | Language | Model | Tests | Assertions | Assert/Test | Test Lines | Impl Lines | Test:Code |
|------|------|-------|-------|------------|-------------|------------|------------|-----------|
| CSV Report Generator | csharp-script | opus46 | 9 | 18 | 2.0 | 114 | 18 | 6.33 |
| CSV Report Generator | csharp-script | sonnet46 | 22 | 58 | 2.6 | 344 | 278 | 1.24 |
| CSV Report Generator | default | opus46 | 29 | 40 | 1.4 | 203 | 154 | 1.32 |
| CSV Report Generator | default | sonnet46 | 18 | 34 | 1.9 | 279 | 207 | 1.35 |
| CSV Report Generator | powershell | opus46 | 36 | 47 | 1.3 | 289 | 177 | 1.63 |
| CSV Report Generator | powershell | sonnet46 | 17 | 27 | 1.6 | 180 | 215 | 0.84 |
| CSV Report Generator | powershell-strict | opus46 | 25 | 50 | 2.0 | 270 | 38 | 7.11 |
| CSV Report Generator | powershell-strict | sonnet46 | 24 | 39 | 1.6 | 226 | 66 | 3.42 |
| Log File Analyzer | csharp-script | opus46 | 38 | 107 | 2.8 | 613 | 606 | 1.01 |
| Log File Analyzer | csharp-script | sonnet46 | 34 | 100 | 2.9 | 589 | 589 | 1.00 |
| Log File Analyzer | default | opus46 | 0 | 0 | 0.0 | 0 | 0 | 0.00 |
| Log File Analyzer | default | sonnet46 | 64 | 122 | 1.9 | 778 | 372 | 2.09 |
| Log File Analyzer | powershell | opus46 | 33 | 55 | 1.7 | 294 | 291 | 1.01 |
| Log File Analyzer | powershell | sonnet46 | 34 | 57 | 1.7 | 365 | 373 | 0.98 |
| Log File Analyzer | powershell-strict | opus46 | 28 | 73 | 2.6 | 344 | 54 | 6.37 |
| Log File Analyzer | powershell-strict | sonnet46 | 44 | 66 | 1.5 | 357 | 52 | 6.87 |
| Directory Tree Sync | csharp-script | opus46 | 17 | 41 | 2.4 | 330 | 481 | 0.69 |
| Directory Tree Sync | csharp-script | sonnet46 | 27 | 93 | 3.4 | 611 | 721 | 0.85 |
| Directory Tree Sync | default | opus46 | 28 | 52 | 1.9 | 414 | 245 | 1.69 |
| Directory Tree Sync | default | sonnet46 | 34 | 51 | 1.5 | 427 | 252 | 1.69 |
| Directory Tree Sync | powershell | opus46 | 26 | 51 | 2.0 | 481 | 275 | 1.75 |
| Directory Tree Sync | powershell | sonnet46 | 26 | 45 | 1.7 | 371 | 277 | 1.34 |
| Directory Tree Sync | powershell-strict | opus46 | 29 | 97 | 3.3 | 522 | 4 | 130.50 |
| Directory Tree Sync | powershell-strict | sonnet46 | 28 | 47 | 1.7 | 457 | 329 | 1.39 |
| REST API Client | csharp-script | opus46 | 29 | 90 | 3.1 | 968 | 579 | 1.67 |
| REST API Client | csharp-script | sonnet46 | 30 | 65 | 2.2 | 573 | 500 | 1.15 |
| REST API Client | default | opus46 | 25 | 51 | 2.0 | 366 | 210 | 1.74 |
| REST API Client | default | sonnet46 | 26 | 40 | 1.5 | 418 | 276 | 1.51 |
| REST API Client | powershell | opus46 | 21 | 23 | 1.1 | 373 | 3 | 124.33 |
| REST API Client | powershell | sonnet46 | 26 | 28 | 1.1 | 373 | 322 | 1.16 |
| REST API Client | powershell-strict | opus46 | 40 | 50 | 1.2 | 638 | 53 | 12.04 |
| REST API Client | powershell-strict | sonnet46 | 21 | 47 | 2.2 | 381 | 24 | 15.88 |
| Process Monitor | csharp-script | opus46 | 33 | 74 | 2.2 | 511 | 281 | 1.82 |
| Process Monitor | csharp-script | sonnet46 | 0 | 0 | 0.0 | 86 | 0 | 0.00 |
| Process Monitor | default | opus46 | 31 | 43 | 1.4 | 320 | 260 | 1.23 |
| Process Monitor | default | sonnet46 | 23 | 51 | 2.2 | 285 | 263 | 1.08 |
| Process Monitor | powershell | opus46 | 37 | 66 | 1.8 | 379 | 1 | 379.00 |
| Process Monitor | powershell | sonnet46 | 17 | 44 | 2.6 | 214 | 239 | 0.90 |
| Process Monitor | powershell-strict | opus46 | 40 | 75 | 1.9 | 417 | 0 | 0.00 |
| Process Monitor | powershell-strict | sonnet46 | 28 | 50 | 1.8 | 310 | 33 | 9.39 |
| Config File Migrator | csharp-script | opus46 | 72 | 132 | 1.8 | 981 | 720 | 1.36 |
| Config File Migrator | csharp-script | sonnet46 | 0 | 0 | 0.0 | 81 | 0 | 0.00 |
| Config File Migrator | default | opus46 | 43 | 90 | 2.1 | 510 | 435 | 1.17 |
| Config File Migrator | default | sonnet46 | 42 | 68 | 1.6 | 487 | 383 | 1.27 |
| Config File Migrator | powershell | opus46 | 67 | 102 | 1.5 | 647 | 329 | 1.97 |
| Config File Migrator | powershell | sonnet46 | 33 | 72 | 2.2 | 548 | 470 | 1.17 |
| Config File Migrator | powershell-strict | opus46 | 78 | 133 | 1.7 | 624 | 3 | 208.00 |
| Config File Migrator | powershell-strict | sonnet46 | 28 | 51 | 1.8 | 326 | 25 | 13.04 |
| Batch File Renamer | csharp-script | opus46 | 23 | 62 | 2.7 | 482 | 464 | 1.04 |
| Batch File Renamer | csharp-script | sonnet46 | 15 | 39 | 2.6 | 391 | 667 | 0.59 |
| Batch File Renamer | default | opus46 | 31 | 45 | 1.5 | 369 | 344 | 1.07 |
| Batch File Renamer | default | sonnet46 | 22 | 44 | 2.0 | 328 | 221 | 1.48 |
| Batch File Renamer | powershell | opus46 | 34 | 94 | 2.8 | 571 | 329 | 1.74 |
| Batch File Renamer | powershell | sonnet46 | 18 | 34 | 1.9 | 243 | 208 | 1.17 |
| Batch File Renamer | powershell-strict | opus46 | 23 | 50 | 2.2 | 375 | 0 | 0.00 |
| Batch File Renamer | powershell-strict | sonnet46 | 18 | 50 | 2.8 | 323 | 17 | 19.00 |
| Database Seed Script | csharp-script | opus46 | 38 | 62 | 1.6 | 622 | 640 | 0.97 |
| Database Seed Script | csharp-script | sonnet46 | 51 | 102 | 2.0 | 741 | 1109 | 0.67 |
| Database Seed Script | default | opus46 | 50 | 75 | 1.5 | 477 | 366 | 1.30 |
| Database Seed Script | default | sonnet46 | 30 | 51 | 1.7 | 341 | 388 | 0.88 |
| Database Seed Script | powershell | opus46 | 70 | 120 | 1.7 | 544 | 569 | 0.96 |
| Database Seed Script | powershell | sonnet46 | 27 | 65 | 2.4 | 315 | 493 | 0.64 |
| Database Seed Script | powershell-strict | opus46 | 47 | 95 | 2.0 | 449 | 30 | 14.97 |
| Database Seed Script | powershell-strict | sonnet46 | 46 | 80 | 1.7 | 454 | 137 | 3.31 |
| Error Retry Pipeline | csharp-script | opus46 | 21 | 61 | 2.9 | 398 | 541 | 0.74 |
| Error Retry Pipeline | csharp-script | sonnet46 | 10 | 35 | 3.5 | 266 | 481 | 0.55 |
| Error Retry Pipeline | default | opus46 | 0 | 0 | 0.0 | 0 | 0 | 0.00 |
| Error Retry Pipeline | default | sonnet46 | 23 | 45 | 2.0 | 305 | 328 | 0.93 |
| Error Retry Pipeline | powershell | opus46 | 25 | 89 | 3.6 | 420 | 245 | 1.71 |
| Error Retry Pipeline | powershell | sonnet46 | 21 | 42 | 2.0 | 232 | 9 | 25.78 |
| Error Retry Pipeline | powershell-strict | opus46 | 35 | 93 | 2.7 | 546 | 2 | 273.00 |
| Error Retry Pipeline | powershell-strict | sonnet46 | 17 | 45 | 2.6 | 208 | 0 | 0.00 |
| Multi-file Search and Replace | csharp-script | opus46 | 38 | 88 | 2.3 | 681 | 544 | 1.25 |
| Multi-file Search and Replace | csharp-script | sonnet46 | 10 | 40 | 4.0 | 279 | 491 | 0.57 |
| Multi-file Search and Replace | default | opus46 | 38 | 65 | 1.7 | 429 | 227 | 1.89 |
| Multi-file Search and Replace | default | sonnet46 | 39 | 75 | 1.9 | 411 | 375 | 1.10 |
| Multi-file Search and Replace | powershell | opus46 | 38 | 56 | 1.5 | 381 | 6 | 63.50 |
| Multi-file Search and Replace | powershell | sonnet46 | 19 | 29 | 1.5 | 261 | 198 | 1.32 |
| Multi-file Search and Replace | powershell-strict | opus46 | 14 | 38 | 2.7 | 251 | 242 | 1.04 |
| Multi-file Search and Replace | powershell-strict | sonnet46 | 36 | 70 | 1.9 | 565 | 355 | 1.59 |
| Semantic Version Bumper | csharp-script | opus46 | 0 | 0 | 0.0 | 0 | 18 | 0.00 |
| Semantic Version Bumper | csharp-script | sonnet46 | 53 | 108 | 2.0 | 847 | 722 | 1.17 |
| Semantic Version Bumper | default | opus46 | 53 | 72 | 1.4 | 429 | 395 | 1.09 |
| Semantic Version Bumper | default | sonnet46 | 35 | 35 | 1.0 | 267 | 354 | 0.75 |
| Semantic Version Bumper | powershell | opus46 | 54 | 69 | 1.3 | 431 | 0 | 0.00 |
| Semantic Version Bumper | powershell | sonnet46 | 33 | 46 | 1.4 | 329 | 263 | 1.25 |
| Semantic Version Bumper | powershell-strict | opus46 | 34 | 62 | 1.8 | 393 | 5 | 78.60 |
| Semantic Version Bumper | powershell-strict | sonnet46 | 42 | 57 | 1.4 | 389 | 349 | 1.11 |
| PR Label Assigner | csharp-script | opus46 | 27 | 49 | 1.8 | 532 | 509 | 1.05 |
| PR Label Assigner | csharp-script | sonnet46 | 25 | 35 | 1.4 | 344 | 380 | 0.91 |
| PR Label Assigner | default | opus46 | 28 | 39 | 1.4 | 306 | 211 | 1.45 |
| PR Label Assigner | default | sonnet46 | 22 | 27 | 1.2 | 337 | 193 | 1.75 |
| PR Label Assigner | powershell | opus46 | 31 | 56 | 1.8 | 342 | 263 | 1.30 |
| PR Label Assigner | powershell | sonnet46 | 39 | 61 | 1.6 | 286 | 168 | 1.70 |
| PR Label Assigner | powershell-strict | opus46 | 35 | 59 | 1.7 | 395 | 275 | 1.44 |
| PR Label Assigner | powershell-strict | sonnet46 | 28 | 42 | 1.5 | 239 | 141 | 1.70 |
| Dependency License Checker | csharp-script | opus46 | 36 | 93 | 2.6 | 708 | 547 | 1.29 |
| Dependency License Checker | csharp-script | sonnet46 | 24 | 72 | 3.0 | 529 | 649 | 0.82 |
| Dependency License Checker | default | opus46 | 37 | 71 | 1.9 | 531 | 358 | 1.48 |
| Dependency License Checker | default | sonnet46 | 31 | 55 | 1.8 | 384 | 291 | 1.32 |
| Dependency License Checker | powershell | opus46 | 36 | 62 | 1.7 | 482 | 361 | 1.34 |
| Dependency License Checker | powershell | sonnet46 | 22 | 43 | 2.0 | 258 | 270 | 0.96 |
| Dependency License Checker | powershell-strict | opus46 | 37 | 71 | 1.9 | 497 | 6 | 82.83 |
| Dependency License Checker | powershell-strict | sonnet46 | 0 | 0 | 0.0 | 16 | 0 | 0.00 |
| Docker Image Tag Generator | csharp-script | opus46 | 30 | 36 | 1.2 | 441 | 308 | 1.43 |
| Docker Image Tag Generator | csharp-script | sonnet46 | 32 | 35 | 1.1 | 297 | 331 | 0.90 |
| Docker Image Tag Generator | default | opus46 | 33 | 39 | 1.2 | 259 | 141 | 1.84 |
| Docker Image Tag Generator | default | sonnet46 | 17 | 20 | 1.2 | 142 | 155 | 0.92 |
| Docker Image Tag Generator | powershell | opus46 | 39 | 50 | 1.3 | 270 | 151 | 1.79 |
| Docker Image Tag Generator | powershell | sonnet46 | 20 | 23 | 1.1 | 155 | 129 | 1.20 |
| Docker Image Tag Generator | powershell-strict | opus46 | 26 | 36 | 1.4 | 305 | 173 | 1.76 |
| Docker Image Tag Generator | powershell-strict | sonnet46 | 23 | 28 | 1.2 | 357 | 71 | 5.03 |
| Test Results Aggregator | csharp-script | opus46 | 47 | 83 | 1.8 | 695 | 1022 | 0.68 |
| Test Results Aggregator | csharp-script | sonnet46 | 50 | 94 | 1.9 | 795 | 505 | 1.57 |
| Test Results Aggregator | default | opus46 | 41 | 62 | 1.5 | 375 | 351 | 1.07 |
| Test Results Aggregator | default | sonnet46 | 52 | 120 | 2.3 | 710 | 471 | 1.51 |
| Test Results Aggregator | powershell | opus46 | 48 | 68 | 1.4 | 414 | 4 | 103.50 |
| Test Results Aggregator | powershell | sonnet46 | 40 | 68 | 1.7 | 372 | 406 | 0.92 |
| Test Results Aggregator | powershell-strict | opus46 | 56 | 70 | 1.2 | 454 | 5 | 90.80 |
| Test Results Aggregator | powershell-strict | sonnet46 | 14 | 45 | 3.2 | 247 | 3 | 82.33 |
| Environment Matrix Generator | csharp-script | opus46 | 50 | 106 | 2.1 | 1104 | 774 | 1.43 |
| Environment Matrix Generator | csharp-script | sonnet46 | 0 | 0 | 0.0 | 30 | 0 | 0.00 |
| Environment Matrix Generator | default | opus46 | 30 | 56 | 1.9 | 427 | 270 | 1.58 |
| Environment Matrix Generator | default | sonnet46 | 46 | 66 | 1.4 | 576 | 349 | 1.65 |
| Environment Matrix Generator | powershell | opus46 | 44 | 74 | 1.7 | 672 | 259 | 2.59 |
| Environment Matrix Generator | powershell | sonnet46 | 19 | 36 | 1.9 | 294 | 222 | 1.32 |
| Environment Matrix Generator | powershell-strict | opus46 | 27 | 47 | 1.7 | 493 | 372 | 1.33 |
| Environment Matrix Generator | powershell-strict | sonnet46 | 24 | 36 | 1.5 | 323 | 17 | 19.00 |
