# Benchmark Results: Language Comparison

**Last updated:** 2026-05-08 01:00:41 PM ET — 280/280 runs completed, 0 remaining; total cost $493.46; total agent time 2315.5 min.

## Table of Contents

- [Scoring](#scoring)
  - [Duration columns](#duration-columns)
- [Tiers by Language/Model/Effort](#tiers-by-languagemodeleffort)
- [Failed / Timed-Out Runs](#failed-timed-out-runs)
- [Comparison by Language/Model/Effort](#comparison-by-languagemodeleffort)
- [Savings Analysis](#savings-analysis)
  - [Hook Savings by Language/Model/Effort](#hook-savings-by-languagemodeleffort)
  - [Trap Analysis by Language/Model/Effort/Category](#trap-analysis-by-languagemodeleffortcategory)
  - [Traps by Language/Model/Effort](#traps-by-languagemodeleffort)
  - [Prompt Cache Savings](#prompt-cache-savings)
- [Test Quality Evaluation](#test-quality-evaluation)
  - [Structural Metrics by Language/Model/Effort](#structural-metrics-by-languagemodeleffort)
  - [LLM-as-Judge Scores](#llm-as-judge-scores)
  - [Correlation: Structural Metrics vs Tests Quality](#correlation-structural-metrics-vs-tests-quality)
  - [LLM vs Structural Discrepancies](#llm-vs-structural-discrepancies)
- [Per-Run Results](#per-run-results)
- [Notes](#notes)
  - [Tiers](#tiers)
  - [CLI Version Legend](#cli-version-legend)
  - [Judge Consistency Summary](#judge-consistency-summary)

## Scoring

Judges: panel of LLM-as-judge models — `haiku-4-5` (via Claude CLI) and `gemini-3.1-pro-preview` (via Gemini CLI). Each run's quality score is the mean of both judges, cached per-run so numbers are deterministic across regenerations. Known bias caveats live in the [Judge Consistency Summary](#judge-consistency-summary).

**Tests Quality** = Overall score (1-5) for the generated **test code**.

Dimensions:
- **coverage** — requirements tested
- **rigor** — edge cases + error paths
- **design** — fixture quality + independence
- **overall** — holistic

**Workflow Craft** = Overall score (1-5) for the produced **deliverable** (workflow YAML + scripts, excluding tests).

Dimensions:
- **best_practices** — language-appropriate conventions
- **conciseness** — penalizes dead code AND repetition that should be factored
- **readability** — clarity for a reader encountering it cold
- **maintainability** — modularity, error-handling, testability
- **overall** — holistic

**Duration / Cost** = ratio of each combo's average to the best combo's average on the same axis (lower is better).

Properties:
- **Scale:** ratios, not raw seconds or dollars
- **Band calibration:** auto-calibrated to the data's best-to-worst spread via log-equal division (`boundary_i = max_ratio^(i/12)`), so the best observed ratio lands at A+ and the worst at D-
- **F band:** reserved for ratios beyond the observed worst

### Duration columns

Every Duration figure in this report derives from `timing.grand_total_duration_ms` in `metrics.json` — wall-clock seconds from CLI invocation to the final assistant turn (agent thinking + tool execution + hooks).

- **Duration** (single run): that one run's wall clock. Appears in the [Failed / Timed-Out Runs](#failed--timed-out-runs) and per-run detail tables.
- **Avg Duration** (in the [Comparison by Language/Model/Effort](#comparison-by-languagemodeleffort) table; also drives the [Tiers](#tiers-by-languagemodeleffort) Duration column): arithmetic mean of `Duration` over the runs in that combo, excluding failed/timed-out runs.
- **Avg Duration Net of Traps** (in the Comparison table only): mean of (per-run `Duration` − that run's `Time Lost`), where `Time Lost` is the trap detector's estimate of seconds spent on detected anti-patterns (see [Trap Descriptions](#trap-descriptions) and the trap-table [Column Definitions](#column-definitions) for the trap list and how Time Lost is computed). Reads as a counterfactual: roughly how fast each combo would have been without the detected traps.
- The **Tier table's Duration column** shows the tier letter (A+..F) for the combo's gross **Avg Duration** ratio. Net of Traps does not feed the tier band.
## Tiers by Language/Model/Effort

*Default sort: weighted composite of tiers (40% Tests, 25% Workflow Craft, 35% split between Duration & Cost). See [Notes](#notes) for tier-band definitions and scoring rubric.*
*`*` after a Model label = this combo's aggregates exclude one or more failed/timed-out runs (see the Failed / Timed-Out Runs table).*

| Language | Model | Duration | Cost | Tests Quality | Workflow Craft |
|----------|-------|----------|------|-----------|-------------|
| default | opus47-1m-medium | A+ (4.6min) | B- ($1.18) | B+ (3.9) | B (3.8) |
| typescript-bun | opus47-1m-medium | A- (5.5min) | C+ ($1.33) | B+ (4.0) | B (3.5) |
| default | opus47-200k-medium | A+ (4.2min) | B- ($1.18) | B (3.8) | B- (3.2) |
| powershell | opus47-200k-medium | B+ (5.8min) | C ($1.53) | B+ (3.9) | B (3.6) |
| powershell-tool | opus47-1m-medium | B+ (5.9min) | C ($1.54) | B+ (3.9) | B (3.5) |
| powershell-tool | opus47-200k-medium | B+ (5.7min) | C ($1.53) | B+ (4.1) | B (3.6) |
| bash | opus47-1m-medium | A+ (4.4min) | B- ($1.16) | B- (3.4) | B- (3.4) |
| powershell | sonnet46-1m-medium | C (8.4min) | B- ($1.19) | A- (4.2) | C+ (3.1) |
| default | sonnet46-1m-medium | B+ (5.9min) | B- ($1.06) | B (3.8) | C+ (3.1) |
| typescript-bun | opus46-200k | B (6.2min) | C+ ($1.30) | B (3.7) | B- (3.4) |
| powershell | opus47-1m-medium | B- (7.1min) | C ($1.70) | B (3.6) | B (3.5) |
| typescript-bun | opus47-200k-medium | C+ (7.6min) | C ($1.56) | B+ (4.0) | B- (3.4) |
| bash | opus47-200k-medium | A- (5.1min) | C+ ($1.42) | C+ (3.1) | B (3.7) |
| default | opus47-1m-high | C+ (8.0min) | D+ ($2.20) | B+ (4.0) | B (3.6) |
| typescript-bun | sonnet46-200k | C- (9.0min) | C ($1.50) | B+ (3.9) | B (3.5) |
| default | opus46-200k | B (6.4min) | C+ ($1.37) | B (3.6) | C+ (3.1) |
| default | opus47-1m-xhigh | D+ (10.4min) | D- ($3.30) | A (4.4) | B (3.8) |
| typescript-bun | opus47-1m-high | C- (8.9min) | D ($2.75) | A- (4.3) | B (3.8) |
| default | haiku45-200k | A (4.8min) | A+ ($0.38) | C- (2.4) | C (2.7) |
| powershell | opus47-1m-high | D+ (10.3min) | D ($2.80) | A- (4.1) | B (3.7) |
| bash | opus46-200k | C (8.3min) | C ($1.63) | B+ (4.1) | C+ (3.1) |
| typescript-bun | sonnet46-1m-medium | C+ (7.7min) | C+ ($1.30) | B (3.8) | C+ (3.1) |
| powershell-tool | opus46-200k | C (8.1min) | C ($1.56) | B (3.8) | B- (3.4) |
| default | sonnet46-200k | D+ (9.9min) | C+ ($1.47) | B+ (3.9) | C+ (3.1) |
| powershell | sonnet46-200k | D (11.2min) | C ($1.63) | B+ (3.9) | B- (3.4) |
| bash | sonnet46-200k | D (11.3min) | C ($1.62) | B (3.6) | B (3.5) |
| powershell | opus47-1m-xhigh | D- (12.5min) | D- ($3.72) | A- (4.2) | B (3.8) |
| powershell | opus46-200k | C- (8.8min) | C ($1.79) | B (3.5) | C+ (2.9) |
| powershell-tool | opus47-1m-high | D- (11.8min) | D- ($3.55) | B+ (3.9) | B+ (3.9) |
| typescript-bun | opus47-1m-xhigh | D- (12.3min) | D- ($3.57) | B+ (4.1) | B+ (3.9) |
| bash | opus47-1m-xhigh | D (10.6min) | D ($3.09) | B (3.8) | B+ (4.1) |
| powershell | haiku45-200k* | B (6.4min) | A ($0.54) | D+ (2.0) | C+ (2.9) |
| typescript-bun | haiku45-200k | A- (5.5min) | A ($0.48) | D (1.9) | C+ (3.1) |
| powershell-tool | opus47-1m-xhigh* | D- (12.4min) | D- ($3.88) | B+ (4.0) | B (3.6) |
| powershell-tool | sonnet46-200k | D (10.7min) | C+ ($1.47) | B- (3.4) | B- (3.4) |
| powershell-tool | haiku45-200k | B- (7.2min) | A ($0.48) | C- (2.4) | C- (2.4) |
| powershell-tool | sonnet46-1m-medium | D+ (10.1min) | C ($1.52) | B- (3.3) | C+ (3.1) |
| bash | sonnet46-1m-medium | C (8.2min) | B- ($1.19) | C (2.9) | C+ (2.9) |
| bash | opus47-1m-high | D+ (10.5min) | D+ ($2.56) | B- (3.4) | C+ (3.0) |
| bash | haiku45-200k | C+ (7.6min) | B+ ($0.70) | D (1.9) | C- (2.5) |


<details>
<summary>Sorted by Duration tier (best-first), then avg of Cost/Tests/Workflow Craft tiers</summary>

| Language | Model | Duration | Cost | Tests Quality | Workflow Craft |
|----------|-------|----------|------|-----------|-------------|
| default | opus47-1m-medium | A+ (4.6min) | B- ($1.18) | B+ (3.9) | B (3.8) |
| default | opus47-200k-medium | A+ (4.2min) | B- ($1.18) | B (3.8) | B- (3.2) |
| bash | opus47-1m-medium | A+ (4.4min) | B- ($1.16) | B- (3.4) | B- (3.4) |
| default | haiku45-200k | A (4.8min) | A+ ($0.38) | C- (2.4) | C (2.7) |
| typescript-bun | opus47-1m-medium | A- (5.5min) | C+ ($1.33) | B+ (4.0) | B (3.5) |
| bash | opus47-200k-medium | A- (5.1min) | C+ ($1.42) | C+ (3.1) | B (3.7) |
| typescript-bun | haiku45-200k | A- (5.5min) | A ($0.48) | D (1.9) | C+ (3.1) |
| powershell | opus47-200k-medium | B+ (5.8min) | C ($1.53) | B+ (3.9) | B (3.6) |
| powershell-tool | opus47-1m-medium | B+ (5.9min) | C ($1.54) | B+ (3.9) | B (3.5) |
| powershell-tool | opus47-200k-medium | B+ (5.7min) | C ($1.53) | B+ (4.1) | B (3.6) |
| default | sonnet46-1m-medium | B+ (5.9min) | B- ($1.06) | B (3.8) | C+ (3.1) |
| typescript-bun | opus46-200k | B (6.2min) | C+ ($1.30) | B (3.7) | B- (3.4) |
| default | opus46-200k | B (6.4min) | C+ ($1.37) | B (3.6) | C+ (3.1) |
| powershell | haiku45-200k* | B (6.4min) | A ($0.54) | D+ (2.0) | C+ (2.9) |
| powershell | opus47-1m-medium | B- (7.1min) | C ($1.70) | B (3.6) | B (3.5) |
| powershell-tool | haiku45-200k | B- (7.2min) | A ($0.48) | C- (2.4) | C- (2.4) |
| typescript-bun | opus47-200k-medium | C+ (7.6min) | C ($1.56) | B+ (4.0) | B- (3.4) |
| default | opus47-1m-high | C+ (8.0min) | D+ ($2.20) | B+ (4.0) | B (3.6) |
| typescript-bun | sonnet46-1m-medium | C+ (7.7min) | C+ ($1.30) | B (3.8) | C+ (3.1) |
| bash | haiku45-200k | C+ (7.6min) | B+ ($0.70) | D (1.9) | C- (2.5) |
| powershell | sonnet46-1m-medium | C (8.4min) | B- ($1.19) | A- (4.2) | C+ (3.1) |
| bash | opus46-200k | C (8.3min) | C ($1.63) | B+ (4.1) | C+ (3.1) |
| powershell-tool | opus46-200k | C (8.1min) | C ($1.56) | B (3.8) | B- (3.4) |
| bash | sonnet46-1m-medium | C (8.2min) | B- ($1.19) | C (2.9) | C+ (2.9) |
| typescript-bun | sonnet46-200k | C- (9.0min) | C ($1.50) | B+ (3.9) | B (3.5) |
| typescript-bun | opus47-1m-high | C- (8.9min) | D ($2.75) | A- (4.3) | B (3.8) |
| powershell | opus46-200k | C- (8.8min) | C ($1.79) | B (3.5) | C+ (2.9) |
| default | sonnet46-200k | D+ (9.9min) | C+ ($1.47) | B+ (3.9) | C+ (3.1) |
| default | opus47-1m-xhigh | D+ (10.4min) | D- ($3.30) | A (4.4) | B (3.8) |
| powershell | opus47-1m-high | D+ (10.3min) | D ($2.80) | A- (4.1) | B (3.7) |
| powershell-tool | sonnet46-1m-medium | D+ (10.1min) | C ($1.52) | B- (3.3) | C+ (3.1) |
| bash | opus47-1m-high | D+ (10.5min) | D+ ($2.56) | B- (3.4) | C+ (3.0) |
| bash | sonnet46-200k | D (11.3min) | C ($1.62) | B (3.6) | B (3.5) |
| powershell | sonnet46-200k | D (11.2min) | C ($1.63) | B+ (3.9) | B- (3.4) |
| powershell-tool | sonnet46-200k | D (10.7min) | C+ ($1.47) | B- (3.4) | B- (3.4) |
| bash | opus47-1m-xhigh | D (10.6min) | D ($3.09) | B (3.8) | B+ (4.1) |
| powershell | opus47-1m-xhigh | D- (12.5min) | D- ($3.72) | A- (4.2) | B (3.8) |
| powershell-tool | opus47-1m-high | D- (11.8min) | D- ($3.55) | B+ (3.9) | B+ (3.9) |
| typescript-bun | opus47-1m-xhigh | D- (12.3min) | D- ($3.57) | B+ (4.1) | B+ (3.9) |
| powershell-tool | opus47-1m-xhigh* | D- (12.4min) | D- ($3.88) | B+ (4.0) | B (3.6) |

</details>

<details>
<summary>Sorted by Cost tier (best-first), then avg of Duration/Tests/Workflow Craft tiers</summary>

| Language | Model | Duration | Cost | Tests Quality | Workflow Craft |
|----------|-------|----------|------|-----------|-------------|
| default | haiku45-200k | A (4.8min) | A+ ($0.38) | C- (2.4) | C (2.7) |
| typescript-bun | haiku45-200k | A- (5.5min) | A ($0.48) | D (1.9) | C+ (3.1) |
| powershell | haiku45-200k* | B (6.4min) | A ($0.54) | D+ (2.0) | C+ (2.9) |
| powershell-tool | haiku45-200k | B- (7.2min) | A ($0.48) | C- (2.4) | C- (2.4) |
| bash | haiku45-200k | C+ (7.6min) | B+ ($0.70) | D (1.9) | C- (2.5) |
| default | opus47-1m-medium | A+ (4.6min) | B- ($1.18) | B+ (3.9) | B (3.8) |
| default | opus47-200k-medium | A+ (4.2min) | B- ($1.18) | B (3.8) | B- (3.2) |
| bash | opus47-1m-medium | A+ (4.4min) | B- ($1.16) | B- (3.4) | B- (3.4) |
| default | sonnet46-1m-medium | B+ (5.9min) | B- ($1.06) | B (3.8) | C+ (3.1) |
| powershell | sonnet46-1m-medium | C (8.4min) | B- ($1.19) | A- (4.2) | C+ (3.1) |
| bash | sonnet46-1m-medium | C (8.2min) | B- ($1.19) | C (2.9) | C+ (2.9) |
| typescript-bun | opus47-1m-medium | A- (5.5min) | C+ ($1.33) | B+ (4.0) | B (3.5) |
| bash | opus47-200k-medium | A- (5.1min) | C+ ($1.42) | C+ (3.1) | B (3.7) |
| typescript-bun | opus46-200k | B (6.2min) | C+ ($1.30) | B (3.7) | B- (3.4) |
| default | opus46-200k | B (6.4min) | C+ ($1.37) | B (3.6) | C+ (3.1) |
| typescript-bun | sonnet46-1m-medium | C+ (7.7min) | C+ ($1.30) | B (3.8) | C+ (3.1) |
| default | sonnet46-200k | D+ (9.9min) | C+ ($1.47) | B+ (3.9) | C+ (3.1) |
| powershell-tool | sonnet46-200k | D (10.7min) | C+ ($1.47) | B- (3.4) | B- (3.4) |
| powershell | opus47-200k-medium | B+ (5.8min) | C ($1.53) | B+ (3.9) | B (3.6) |
| powershell-tool | opus47-1m-medium | B+ (5.9min) | C ($1.54) | B+ (3.9) | B (3.5) |
| powershell-tool | opus47-200k-medium | B+ (5.7min) | C ($1.53) | B+ (4.1) | B (3.6) |
| powershell | opus47-1m-medium | B- (7.1min) | C ($1.70) | B (3.6) | B (3.5) |
| typescript-bun | opus47-200k-medium | C+ (7.6min) | C ($1.56) | B+ (4.0) | B- (3.4) |
| typescript-bun | sonnet46-200k | C- (9.0min) | C ($1.50) | B+ (3.9) | B (3.5) |
| bash | opus46-200k | C (8.3min) | C ($1.63) | B+ (4.1) | C+ (3.1) |
| powershell-tool | opus46-200k | C (8.1min) | C ($1.56) | B (3.8) | B- (3.4) |
| bash | sonnet46-200k | D (11.3min) | C ($1.62) | B (3.6) | B (3.5) |
| powershell | opus46-200k | C- (8.8min) | C ($1.79) | B (3.5) | C+ (2.9) |
| powershell | sonnet46-200k | D (11.2min) | C ($1.63) | B+ (3.9) | B- (3.4) |
| powershell-tool | sonnet46-1m-medium | D+ (10.1min) | C ($1.52) | B- (3.3) | C+ (3.1) |
| default | opus47-1m-high | C+ (8.0min) | D+ ($2.20) | B+ (4.0) | B (3.6) |
| bash | opus47-1m-high | D+ (10.5min) | D+ ($2.56) | B- (3.4) | C+ (3.0) |
| typescript-bun | opus47-1m-high | C- (8.9min) | D ($2.75) | A- (4.3) | B (3.8) |
| powershell | opus47-1m-high | D+ (10.3min) | D ($2.80) | A- (4.1) | B (3.7) |
| bash | opus47-1m-xhigh | D (10.6min) | D ($3.09) | B (3.8) | B+ (4.1) |
| default | opus47-1m-xhigh | D+ (10.4min) | D- ($3.30) | A (4.4) | B (3.8) |
| powershell | opus47-1m-xhigh | D- (12.5min) | D- ($3.72) | A- (4.2) | B (3.8) |
| powershell-tool | opus47-1m-high | D- (11.8min) | D- ($3.55) | B+ (3.9) | B+ (3.9) |
| typescript-bun | opus47-1m-xhigh | D- (12.3min) | D- ($3.57) | B+ (4.1) | B+ (3.9) |
| powershell-tool | opus47-1m-xhigh* | D- (12.4min) | D- ($3.88) | B+ (4.0) | B (3.6) |

</details>

<details>
<summary>Sorted by Tests Quality tier (best-first; no-data last), then avg of other tiers</summary>

| Language | Model | Duration | Cost | Tests Quality | Workflow Craft |
|----------|-------|----------|------|-----------|-------------|
| default | opus47-1m-xhigh | D+ (10.4min) | D- ($3.30) | A (4.4) | B (3.8) |
| powershell | sonnet46-1m-medium | C (8.4min) | B- ($1.19) | A- (4.2) | C+ (3.1) |
| typescript-bun | opus47-1m-high | C- (8.9min) | D ($2.75) | A- (4.3) | B (3.8) |
| powershell | opus47-1m-high | D+ (10.3min) | D ($2.80) | A- (4.1) | B (3.7) |
| powershell | opus47-1m-xhigh | D- (12.5min) | D- ($3.72) | A- (4.2) | B (3.8) |
| default | opus47-1m-medium | A+ (4.6min) | B- ($1.18) | B+ (3.9) | B (3.8) |
| typescript-bun | opus47-1m-medium | A- (5.5min) | C+ ($1.33) | B+ (4.0) | B (3.5) |
| powershell | opus47-200k-medium | B+ (5.8min) | C ($1.53) | B+ (3.9) | B (3.6) |
| powershell-tool | opus47-1m-medium | B+ (5.9min) | C ($1.54) | B+ (3.9) | B (3.5) |
| powershell-tool | opus47-200k-medium | B+ (5.7min) | C ($1.53) | B+ (4.1) | B (3.6) |
| typescript-bun | opus47-200k-medium | C+ (7.6min) | C ($1.56) | B+ (4.0) | B- (3.4) |
| default | opus47-1m-high | C+ (8.0min) | D+ ($2.20) | B+ (4.0) | B (3.6) |
| typescript-bun | sonnet46-200k | C- (9.0min) | C ($1.50) | B+ (3.9) | B (3.5) |
| bash | opus46-200k | C (8.3min) | C ($1.63) | B+ (4.1) | C+ (3.1) |
| default | sonnet46-200k | D+ (9.9min) | C+ ($1.47) | B+ (3.9) | C+ (3.1) |
| powershell | sonnet46-200k | D (11.2min) | C ($1.63) | B+ (3.9) | B- (3.4) |
| powershell-tool | opus47-1m-high | D- (11.8min) | D- ($3.55) | B+ (3.9) | B+ (3.9) |
| typescript-bun | opus47-1m-xhigh | D- (12.3min) | D- ($3.57) | B+ (4.1) | B+ (3.9) |
| powershell-tool | opus47-1m-xhigh* | D- (12.4min) | D- ($3.88) | B+ (4.0) | B (3.6) |
| default | opus47-200k-medium | A+ (4.2min) | B- ($1.18) | B (3.8) | B- (3.2) |
| default | sonnet46-1m-medium | B+ (5.9min) | B- ($1.06) | B (3.8) | C+ (3.1) |
| typescript-bun | opus46-200k | B (6.2min) | C+ ($1.30) | B (3.7) | B- (3.4) |
| default | opus46-200k | B (6.4min) | C+ ($1.37) | B (3.6) | C+ (3.1) |
| powershell | opus47-1m-medium | B- (7.1min) | C ($1.70) | B (3.6) | B (3.5) |
| typescript-bun | sonnet46-1m-medium | C+ (7.7min) | C+ ($1.30) | B (3.8) | C+ (3.1) |
| powershell-tool | opus46-200k | C (8.1min) | C ($1.56) | B (3.8) | B- (3.4) |
| bash | sonnet46-200k | D (11.3min) | C ($1.62) | B (3.6) | B (3.5) |
| powershell | opus46-200k | C- (8.8min) | C ($1.79) | B (3.5) | C+ (2.9) |
| bash | opus47-1m-xhigh | D (10.6min) | D ($3.09) | B (3.8) | B+ (4.1) |
| bash | opus47-1m-medium | A+ (4.4min) | B- ($1.16) | B- (3.4) | B- (3.4) |
| powershell-tool | sonnet46-200k | D (10.7min) | C+ ($1.47) | B- (3.4) | B- (3.4) |
| powershell-tool | sonnet46-1m-medium | D+ (10.1min) | C ($1.52) | B- (3.3) | C+ (3.1) |
| bash | opus47-1m-high | D+ (10.5min) | D+ ($2.56) | B- (3.4) | C+ (3.0) |
| bash | opus47-200k-medium | A- (5.1min) | C+ ($1.42) | C+ (3.1) | B (3.7) |
| bash | sonnet46-1m-medium | C (8.2min) | B- ($1.19) | C (2.9) | C+ (2.9) |
| default | haiku45-200k | A (4.8min) | A+ ($0.38) | C- (2.4) | C (2.7) |
| powershell-tool | haiku45-200k | B- (7.2min) | A ($0.48) | C- (2.4) | C- (2.4) |
| powershell | haiku45-200k* | B (6.4min) | A ($0.54) | D+ (2.0) | C+ (2.9) |
| typescript-bun | haiku45-200k | A- (5.5min) | A ($0.48) | D (1.9) | C+ (3.1) |
| bash | haiku45-200k | C+ (7.6min) | B+ ($0.70) | D (1.9) | C- (2.5) |

</details>

<details>
<summary>Sorted by Workflow Craft tier (best-first; no-data last), then avg of other tiers</summary>

| Language | Model | Duration | Cost | Tests Quality | Workflow Craft |
|----------|-------|----------|------|-----------|-------------|
| bash | opus47-1m-xhigh | D (10.6min) | D ($3.09) | B (3.8) | B+ (4.1) |
| powershell-tool | opus47-1m-high | D- (11.8min) | D- ($3.55) | B+ (3.9) | B+ (3.9) |
| typescript-bun | opus47-1m-xhigh | D- (12.3min) | D- ($3.57) | B+ (4.1) | B+ (3.9) |
| default | opus47-1m-medium | A+ (4.6min) | B- ($1.18) | B+ (3.9) | B (3.8) |
| typescript-bun | opus47-1m-medium | A- (5.5min) | C+ ($1.33) | B+ (4.0) | B (3.5) |
| powershell | opus47-200k-medium | B+ (5.8min) | C ($1.53) | B+ (3.9) | B (3.6) |
| powershell-tool | opus47-1m-medium | B+ (5.9min) | C ($1.54) | B+ (3.9) | B (3.5) |
| powershell-tool | opus47-200k-medium | B+ (5.7min) | C ($1.53) | B+ (4.1) | B (3.6) |
| bash | opus47-200k-medium | A- (5.1min) | C+ ($1.42) | C+ (3.1) | B (3.7) |
| powershell | opus47-1m-medium | B- (7.1min) | C ($1.70) | B (3.6) | B (3.5) |
| default | opus47-1m-high | C+ (8.0min) | D+ ($2.20) | B+ (4.0) | B (3.6) |
| typescript-bun | sonnet46-200k | C- (9.0min) | C ($1.50) | B+ (3.9) | B (3.5) |
| typescript-bun | opus47-1m-high | C- (8.9min) | D ($2.75) | A- (4.3) | B (3.8) |
| bash | sonnet46-200k | D (11.3min) | C ($1.62) | B (3.6) | B (3.5) |
| default | opus47-1m-xhigh | D+ (10.4min) | D- ($3.30) | A (4.4) | B (3.8) |
| powershell | opus47-1m-high | D+ (10.3min) | D ($2.80) | A- (4.1) | B (3.7) |
| powershell | opus47-1m-xhigh | D- (12.5min) | D- ($3.72) | A- (4.2) | B (3.8) |
| powershell-tool | opus47-1m-xhigh* | D- (12.4min) | D- ($3.88) | B+ (4.0) | B (3.6) |
| default | opus47-200k-medium | A+ (4.2min) | B- ($1.18) | B (3.8) | B- (3.2) |
| bash | opus47-1m-medium | A+ (4.4min) | B- ($1.16) | B- (3.4) | B- (3.4) |
| typescript-bun | opus46-200k | B (6.2min) | C+ ($1.30) | B (3.7) | B- (3.4) |
| typescript-bun | opus47-200k-medium | C+ (7.6min) | C ($1.56) | B+ (4.0) | B- (3.4) |
| powershell-tool | opus46-200k | C (8.1min) | C ($1.56) | B (3.8) | B- (3.4) |
| powershell | sonnet46-200k | D (11.2min) | C ($1.63) | B+ (3.9) | B- (3.4) |
| powershell-tool | sonnet46-200k | D (10.7min) | C+ ($1.47) | B- (3.4) | B- (3.4) |
| default | sonnet46-1m-medium | B+ (5.9min) | B- ($1.06) | B (3.8) | C+ (3.1) |
| typescript-bun | haiku45-200k | A- (5.5min) | A ($0.48) | D (1.9) | C+ (3.1) |
| default | opus46-200k | B (6.4min) | C+ ($1.37) | B (3.6) | C+ (3.1) |
| powershell | haiku45-200k* | B (6.4min) | A ($0.54) | D+ (2.0) | C+ (2.9) |
| powershell | sonnet46-1m-medium | C (8.4min) | B- ($1.19) | A- (4.2) | C+ (3.1) |
| typescript-bun | sonnet46-1m-medium | C+ (7.7min) | C+ ($1.30) | B (3.8) | C+ (3.1) |
| bash | opus46-200k | C (8.3min) | C ($1.63) | B+ (4.1) | C+ (3.1) |
| default | sonnet46-200k | D+ (9.9min) | C+ ($1.47) | B+ (3.9) | C+ (3.1) |
| bash | sonnet46-1m-medium | C (8.2min) | B- ($1.19) | C (2.9) | C+ (2.9) |
| powershell | opus46-200k | C- (8.8min) | C ($1.79) | B (3.5) | C+ (2.9) |
| powershell-tool | sonnet46-1m-medium | D+ (10.1min) | C ($1.52) | B- (3.3) | C+ (3.1) |
| bash | opus47-1m-high | D+ (10.5min) | D+ ($2.56) | B- (3.4) | C+ (3.0) |
| default | haiku45-200k | A (4.8min) | A+ ($0.38) | C- (2.4) | C (2.7) |
| powershell-tool | haiku45-200k | B- (7.2min) | A ($0.48) | C- (2.4) | C- (2.4) |
| bash | haiku45-200k | C+ (7.6min) | B+ ($0.70) | D (1.9) | C- (2.5) |

</details>

## Failed / Timed-Out Runs

| Task | Language | Model | Duration | Reason | Lines | actionlint | act-result.txt |
|------|------|-------|----------|--------|-------|------------|----------------|
| PR Label Assigner | powershell | haiku45-200k | 29.1min | timeout | 1141 | pass | yes |
| PR Label Assigner | powershell-tool | opus47-1m-xhigh | 28.0min | timeout | 1649 | pass | yes |

*2 run(s) excluded from averages below.*

## Comparison by Language/Model/Effort
*(averages exclude failed/timed-out runs)*
*See [Notes](#notes) for scoring rubric and CLI version legend.*

| Language | Model | Runs | Avg Duration | Avg Duration Net of Traps | Avg Errors | Avg Turns | Avg Cost | Total Cost | Avg Tests Quality | Avg Workflow Craft |
|----------|-------|------|--------------|---------------------------|------------|-----------|----------|------------|---------------|-----------------|
| bash | haiku45-200k | 7 | 7.6min | 7.6min | 4.9 | 70 | $0.70 | $4.87 | 1.9 | 2.5 |
| bash | opus46-200k | 7 | 8.3min | 6.4min | 5.4 | 53 | $1.63 | $11.41 | 4.1 | 3.1 |
| bash | opus47-1m-high | 7 | 10.5min | 10.4min | 1.6 | 45 | $2.56 | $17.89 | 3.4 | 3.0 |
| bash | opus47-1m-medium | 7 | 4.4min | 4.3min | 0.6 | 27 | $1.16 | $8.14 | 3.4 | 3.4 |
| bash | opus47-1m-xhigh | 7 | 10.6min | 9.9min | 1.1 | 46 | $3.09 | $21.63 | 3.8 | 4.1 |
| bash | opus47-200k-medium | 7 | 5.1min | 4.6min | 1.4 | 33 | $1.42 | $9.93 | 3.1 | 3.7 |
| bash | sonnet46-1m-medium | 7 | 8.2min | 7.8min | 2.1 | 35 | $1.19 | $8.35 | 2.9 | 2.9 |
| bash | sonnet46-200k | 7 | 11.3min | 10.1min | 4.0 | 43 | $1.62 | $11.33 | 3.6 | 3.5 |
| default | haiku45-200k | 7 | 4.8min | 4.8min | 3.6 | 40 | $0.38 | $2.68 | 2.4 | 2.7 |
| default | opus46-200k | 7 | 6.4min | 6.1min | 2.9 | 34 | $1.37 | $9.59 | 3.6 | 3.1 |
| default | opus47-1m-high | 7 | 8.0min | 7.9min | 0.0 | 37 | $2.20 | $15.39 | 4.0 | 3.6 |
| default | opus47-1m-medium | 7 | 4.6min | 4.4min | 0.1 | 26 | $1.18 | $8.28 | 3.9 | 3.8 |
| default | opus47-1m-xhigh | 7 | 10.4min | 10.0min | 0.4 | 53 | $3.30 | $23.07 | 4.4 | 3.8 |
| default | opus47-200k-medium | 7 | 4.2min | 4.2min | 0.3 | 26 | $1.18 | $8.25 | 3.8 | 3.2 |
| default | sonnet46-1m-medium | 7 | 5.9min | 5.7min | 3.4 | 36 | $1.06 | $7.43 | 3.8 | 3.1 |
| default | sonnet46-200k | 7 | 9.9min | 9.6min | 3.6 | 42 | $1.47 | $10.26 | 3.9 | 3.1 |
| powershell | haiku45-200k* | 6 | 6.4min | 6.4min | 2.0 | 52 | $0.54 | $3.23 | 2.0 | 2.9 |
| powershell | opus46-200k | 7 | 8.8min | 8.6min | 1.0 | 33 | $1.79 | $12.50 | 3.5 | 2.9 |
| powershell | opus47-1m-high | 7 | 10.3min | 9.7min | 0.4 | 43 | $2.80 | $19.63 | 4.1 | 3.7 |
| powershell | opus47-1m-medium | 7 | 7.1min | 6.6min | 0.4 | 33 | $1.70 | $11.93 | 3.6 | 3.5 |
| powershell | opus47-1m-xhigh | 7 | 12.5min | 11.3min | 1.0 | 54 | $3.72 | $26.06 | 4.2 | 3.8 |
| powershell | opus47-200k-medium | 7 | 5.8min | 5.7min | 0.1 | 31 | $1.53 | $10.72 | 3.9 | 3.6 |
| powershell | sonnet46-1m-medium | 7 | 8.4min | 7.8min | 1.7 | 30 | $1.19 | $8.33 | 4.2 | 3.1 |
| powershell | sonnet46-200k | 7 | 11.2min | 11.0min | 2.3 | 33 | $1.63 | $11.41 | 3.9 | 3.4 |
| powershell-tool | haiku45-200k | 7 | 7.2min | 7.2min | 1.4 | 46 | $0.48 | $3.34 | 2.4 | 2.4 |
| powershell-tool | opus46-200k | 7 | 8.1min | 8.1min | 1.3 | 28 | $1.56 | $10.91 | 3.8 | 3.4 |
| powershell-tool | opus47-1m-high | 7 | 11.8min | 11.1min | 0.7 | 54 | $3.55 | $24.84 | 3.9 | 3.9 |
| powershell-tool | opus47-1m-medium | 7 | 5.9min | 5.7min | 0.3 | 29 | $1.54 | $10.80 | 3.9 | 3.5 |
| powershell-tool | opus47-1m-xhigh* | 6 | 12.4min | 10.0min | 0.3 | 53 | $3.88 | $23.28 | 4.0 | 3.6 |
| powershell-tool | opus47-200k-medium | 7 | 5.7min | 5.6min | 0.0 | 29 | $1.53 | $10.72 | 4.1 | 3.6 |
| powershell-tool | sonnet46-1m-medium | 7 | 10.1min | 9.3min | 2.3 | 38 | $1.52 | $10.67 | 3.3 | 3.1 |
| powershell-tool | sonnet46-200k | 7 | 10.7min | 10.3min | 1.4 | 36 | $1.47 | $10.26 | 3.4 | 3.4 |
| typescript-bun | haiku45-200k | 7 | 5.5min | 5.5min | 4.0 | 50 | $0.48 | $3.34 | 1.9 | 3.1 |
| typescript-bun | opus46-200k | 7 | 6.2min | 4.9min | 1.9 | 35 | $1.30 | $9.09 | 3.7 | 3.4 |
| typescript-bun | opus47-1m-high | 7 | 8.9min | 6.1min | 0.4 | 52 | $2.75 | $19.26 | 4.3 | 3.8 |
| typescript-bun | opus47-1m-medium | 7 | 5.5min | 4.2min | 0.3 | 32 | $1.33 | $9.30 | 4.0 | 3.5 |
| typescript-bun | opus47-1m-xhigh | 7 | 12.3min | 8.6min | 0.4 | 59 | $3.57 | $25.02 | 4.1 | 3.9 |
| typescript-bun | opus47-200k-medium | 7 | 7.6min | 5.9min | 0.7 | 37 | $1.56 | $10.89 | 4.0 | 3.4 |
| typescript-bun | sonnet46-1m-medium | 7 | 7.7min | 6.1min | 2.7 | 39 | $1.30 | $9.09 | 3.8 | 3.1 |
| typescript-bun | sonnet46-200k | 7 | 9.0min | 7.0min | 2.7 | 49 | $1.50 | $10.52 | 3.9 | 3.5 |


<details>
<summary>Sorted by avg cost (cheapest first)</summary>

| Language | Model | Runs | Avg Duration | Avg Duration Net of Traps | Avg Errors | Avg Turns | Avg Cost | Total Cost | Avg Tests Quality | Avg Workflow Craft |
|----------|-------|------|--------------|---------------------------|------------|-----------|----------|------------|---------------|-----------------|
| default | haiku45-200k | 7 | 4.8min | 4.8min | 3.6 | 40 | $0.38 | $2.68 | 2.4 | 2.7 |
| powershell-tool | haiku45-200k | 7 | 7.2min | 7.2min | 1.4 | 46 | $0.48 | $3.34 | 2.4 | 2.4 |
| typescript-bun | haiku45-200k | 7 | 5.5min | 5.5min | 4.0 | 50 | $0.48 | $3.34 | 1.9 | 3.1 |
| powershell | haiku45-200k* | 6 | 6.4min | 6.4min | 2.0 | 52 | $0.54 | $3.23 | 2.0 | 2.9 |
| bash | haiku45-200k | 7 | 7.6min | 7.6min | 4.9 | 70 | $0.70 | $4.87 | 1.9 | 2.5 |
| default | sonnet46-1m-medium | 7 | 5.9min | 5.7min | 3.4 | 36 | $1.06 | $7.43 | 3.8 | 3.1 |
| bash | opus47-1m-medium | 7 | 4.4min | 4.3min | 0.6 | 27 | $1.16 | $8.14 | 3.4 | 3.4 |
| default | opus47-200k-medium | 7 | 4.2min | 4.2min | 0.3 | 26 | $1.18 | $8.25 | 3.8 | 3.2 |
| default | opus47-1m-medium | 7 | 4.6min | 4.4min | 0.1 | 26 | $1.18 | $8.28 | 3.9 | 3.8 |
| powershell | sonnet46-1m-medium | 7 | 8.4min | 7.8min | 1.7 | 30 | $1.19 | $8.33 | 4.2 | 3.1 |
| bash | sonnet46-1m-medium | 7 | 8.2min | 7.8min | 2.1 | 35 | $1.19 | $8.35 | 2.9 | 2.9 |
| typescript-bun | opus46-200k | 7 | 6.2min | 4.9min | 1.9 | 35 | $1.30 | $9.09 | 3.7 | 3.4 |
| typescript-bun | sonnet46-1m-medium | 7 | 7.7min | 6.1min | 2.7 | 39 | $1.30 | $9.09 | 3.8 | 3.1 |
| typescript-bun | opus47-1m-medium | 7 | 5.5min | 4.2min | 0.3 | 32 | $1.33 | $9.30 | 4.0 | 3.5 |
| default | opus46-200k | 7 | 6.4min | 6.1min | 2.9 | 34 | $1.37 | $9.59 | 3.6 | 3.1 |
| bash | opus47-200k-medium | 7 | 5.1min | 4.6min | 1.4 | 33 | $1.42 | $9.93 | 3.1 | 3.7 |
| default | sonnet46-200k | 7 | 9.9min | 9.6min | 3.6 | 42 | $1.47 | $10.26 | 3.9 | 3.1 |
| powershell-tool | sonnet46-200k | 7 | 10.7min | 10.3min | 1.4 | 36 | $1.47 | $10.26 | 3.4 | 3.4 |
| typescript-bun | sonnet46-200k | 7 | 9.0min | 7.0min | 2.7 | 49 | $1.50 | $10.52 | 3.9 | 3.5 |
| powershell-tool | sonnet46-1m-medium | 7 | 10.1min | 9.3min | 2.3 | 38 | $1.52 | $10.67 | 3.3 | 3.1 |
| powershell | opus47-200k-medium | 7 | 5.8min | 5.7min | 0.1 | 31 | $1.53 | $10.72 | 3.9 | 3.6 |
| powershell-tool | opus47-200k-medium | 7 | 5.7min | 5.6min | 0.0 | 29 | $1.53 | $10.72 | 4.1 | 3.6 |
| powershell-tool | opus47-1m-medium | 7 | 5.9min | 5.7min | 0.3 | 29 | $1.54 | $10.80 | 3.9 | 3.5 |
| typescript-bun | opus47-200k-medium | 7 | 7.6min | 5.9min | 0.7 | 37 | $1.56 | $10.89 | 4.0 | 3.4 |
| powershell-tool | opus46-200k | 7 | 8.1min | 8.1min | 1.3 | 28 | $1.56 | $10.91 | 3.8 | 3.4 |
| bash | sonnet46-200k | 7 | 11.3min | 10.1min | 4.0 | 43 | $1.62 | $11.33 | 3.6 | 3.5 |
| powershell | sonnet46-200k | 7 | 11.2min | 11.0min | 2.3 | 33 | $1.63 | $11.41 | 3.9 | 3.4 |
| bash | opus46-200k | 7 | 8.3min | 6.4min | 5.4 | 53 | $1.63 | $11.41 | 4.1 | 3.1 |
| powershell | opus47-1m-medium | 7 | 7.1min | 6.6min | 0.4 | 33 | $1.70 | $11.93 | 3.6 | 3.5 |
| powershell | opus46-200k | 7 | 8.8min | 8.6min | 1.0 | 33 | $1.79 | $12.50 | 3.5 | 2.9 |
| default | opus47-1m-high | 7 | 8.0min | 7.9min | 0.0 | 37 | $2.20 | $15.39 | 4.0 | 3.6 |
| bash | opus47-1m-high | 7 | 10.5min | 10.4min | 1.6 | 45 | $2.56 | $17.89 | 3.4 | 3.0 |
| typescript-bun | opus47-1m-high | 7 | 8.9min | 6.1min | 0.4 | 52 | $2.75 | $19.26 | 4.3 | 3.8 |
| powershell | opus47-1m-high | 7 | 10.3min | 9.7min | 0.4 | 43 | $2.80 | $19.63 | 4.1 | 3.7 |
| bash | opus47-1m-xhigh | 7 | 10.6min | 9.9min | 1.1 | 46 | $3.09 | $21.63 | 3.8 | 4.1 |
| default | opus47-1m-xhigh | 7 | 10.4min | 10.0min | 0.4 | 53 | $3.30 | $23.07 | 4.4 | 3.8 |
| powershell-tool | opus47-1m-high | 7 | 11.8min | 11.1min | 0.7 | 54 | $3.55 | $24.84 | 3.9 | 3.9 |
| typescript-bun | opus47-1m-xhigh | 7 | 12.3min | 8.6min | 0.4 | 59 | $3.57 | $25.02 | 4.1 | 3.9 |
| powershell | opus47-1m-xhigh | 7 | 12.5min | 11.3min | 1.0 | 54 | $3.72 | $26.06 | 4.2 | 3.8 |
| powershell-tool | opus47-1m-xhigh* | 6 | 12.4min | 10.0min | 0.3 | 53 | $3.88 | $23.28 | 4.0 | 3.6 |

</details>

<details>
<summary>Sorted by avg duration (fastest first)</summary>

| Language | Model | Runs | Avg Duration | Avg Duration Net of Traps | Avg Errors | Avg Turns | Avg Cost | Total Cost | Avg Tests Quality | Avg Workflow Craft |
|----------|-------|------|--------------|---------------------------|------------|-----------|----------|------------|---------------|-----------------|
| default | opus47-200k-medium | 7 | 4.2min | 4.2min | 0.3 | 26 | $1.18 | $8.25 | 3.8 | 3.2 |
| bash | opus47-1m-medium | 7 | 4.4min | 4.3min | 0.6 | 27 | $1.16 | $8.14 | 3.4 | 3.4 |
| default | opus47-1m-medium | 7 | 4.6min | 4.4min | 0.1 | 26 | $1.18 | $8.28 | 3.9 | 3.8 |
| default | haiku45-200k | 7 | 4.8min | 4.8min | 3.6 | 40 | $0.38 | $2.68 | 2.4 | 2.7 |
| bash | opus47-200k-medium | 7 | 5.1min | 4.6min | 1.4 | 33 | $1.42 | $9.93 | 3.1 | 3.7 |
| typescript-bun | opus47-1m-medium | 7 | 5.5min | 4.2min | 0.3 | 32 | $1.33 | $9.30 | 4.0 | 3.5 |
| typescript-bun | haiku45-200k | 7 | 5.5min | 5.5min | 4.0 | 50 | $0.48 | $3.34 | 1.9 | 3.1 |
| powershell-tool | opus47-200k-medium | 7 | 5.7min | 5.6min | 0.0 | 29 | $1.53 | $10.72 | 4.1 | 3.6 |
| powershell | opus47-200k-medium | 7 | 5.8min | 5.7min | 0.1 | 31 | $1.53 | $10.72 | 3.9 | 3.6 |
| powershell-tool | opus47-1m-medium | 7 | 5.9min | 5.7min | 0.3 | 29 | $1.54 | $10.80 | 3.9 | 3.5 |
| default | sonnet46-1m-medium | 7 | 5.9min | 5.7min | 3.4 | 36 | $1.06 | $7.43 | 3.8 | 3.1 |
| typescript-bun | opus46-200k | 7 | 6.2min | 4.9min | 1.9 | 35 | $1.30 | $9.09 | 3.7 | 3.4 |
| default | opus46-200k | 7 | 6.4min | 6.1min | 2.9 | 34 | $1.37 | $9.59 | 3.6 | 3.1 |
| powershell | haiku45-200k* | 6 | 6.4min | 6.4min | 2.0 | 52 | $0.54 | $3.23 | 2.0 | 2.9 |
| powershell | opus47-1m-medium | 7 | 7.1min | 6.6min | 0.4 | 33 | $1.70 | $11.93 | 3.6 | 3.5 |
| powershell-tool | haiku45-200k | 7 | 7.2min | 7.2min | 1.4 | 46 | $0.48 | $3.34 | 2.4 | 2.4 |
| bash | haiku45-200k | 7 | 7.6min | 7.6min | 4.9 | 70 | $0.70 | $4.87 | 1.9 | 2.5 |
| typescript-bun | opus47-200k-medium | 7 | 7.6min | 5.9min | 0.7 | 37 | $1.56 | $10.89 | 4.0 | 3.4 |
| typescript-bun | sonnet46-1m-medium | 7 | 7.7min | 6.1min | 2.7 | 39 | $1.30 | $9.09 | 3.8 | 3.1 |
| default | opus47-1m-high | 7 | 8.0min | 7.9min | 0.0 | 37 | $2.20 | $15.39 | 4.0 | 3.6 |
| powershell-tool | opus46-200k | 7 | 8.1min | 8.1min | 1.3 | 28 | $1.56 | $10.91 | 3.8 | 3.4 |
| bash | sonnet46-1m-medium | 7 | 8.2min | 7.8min | 2.1 | 35 | $1.19 | $8.35 | 2.9 | 2.9 |
| bash | opus46-200k | 7 | 8.3min | 6.4min | 5.4 | 53 | $1.63 | $11.41 | 4.1 | 3.1 |
| powershell | sonnet46-1m-medium | 7 | 8.4min | 7.8min | 1.7 | 30 | $1.19 | $8.33 | 4.2 | 3.1 |
| powershell | opus46-200k | 7 | 8.8min | 8.6min | 1.0 | 33 | $1.79 | $12.50 | 3.5 | 2.9 |
| typescript-bun | opus47-1m-high | 7 | 8.9min | 6.1min | 0.4 | 52 | $2.75 | $19.26 | 4.3 | 3.8 |
| typescript-bun | sonnet46-200k | 7 | 9.0min | 7.0min | 2.7 | 49 | $1.50 | $10.52 | 3.9 | 3.5 |
| default | sonnet46-200k | 7 | 9.9min | 9.6min | 3.6 | 42 | $1.47 | $10.26 | 3.9 | 3.1 |
| powershell-tool | sonnet46-1m-medium | 7 | 10.1min | 9.3min | 2.3 | 38 | $1.52 | $10.67 | 3.3 | 3.1 |
| powershell | opus47-1m-high | 7 | 10.3min | 9.7min | 0.4 | 43 | $2.80 | $19.63 | 4.1 | 3.7 |
| default | opus47-1m-xhigh | 7 | 10.4min | 10.0min | 0.4 | 53 | $3.30 | $23.07 | 4.4 | 3.8 |
| bash | opus47-1m-high | 7 | 10.5min | 10.4min | 1.6 | 45 | $2.56 | $17.89 | 3.4 | 3.0 |
| bash | opus47-1m-xhigh | 7 | 10.6min | 9.9min | 1.1 | 46 | $3.09 | $21.63 | 3.8 | 4.1 |
| powershell-tool | sonnet46-200k | 7 | 10.7min | 10.3min | 1.4 | 36 | $1.47 | $10.26 | 3.4 | 3.4 |
| powershell | sonnet46-200k | 7 | 11.2min | 11.0min | 2.3 | 33 | $1.63 | $11.41 | 3.9 | 3.4 |
| bash | sonnet46-200k | 7 | 11.3min | 10.1min | 4.0 | 43 | $1.62 | $11.33 | 3.6 | 3.5 |
| powershell-tool | opus47-1m-high | 7 | 11.8min | 11.1min | 0.7 | 54 | $3.55 | $24.84 | 3.9 | 3.9 |
| typescript-bun | opus47-1m-xhigh | 7 | 12.3min | 8.6min | 0.4 | 59 | $3.57 | $25.02 | 4.1 | 3.9 |
| powershell-tool | opus47-1m-xhigh* | 6 | 12.4min | 10.0min | 0.3 | 53 | $3.88 | $23.28 | 4.0 | 3.6 |
| powershell | opus47-1m-xhigh | 7 | 12.5min | 11.3min | 1.0 | 54 | $3.72 | $26.06 | 4.2 | 3.8 |

</details>

<details>
<summary>Sorted by avg duration net of traps (fastest first)</summary>

| Language | Model | Runs | Avg Duration | Avg Duration Net of Traps | Avg Errors | Avg Turns | Avg Cost | Total Cost | Avg Tests Quality | Avg Workflow Craft |
|----------|-------|------|--------------|---------------------------|------------|-----------|----------|------------|---------------|-----------------|
| typescript-bun | opus47-1m-medium | 7 | 5.5min | 4.2min | 0.3 | 32 | $1.33 | $9.30 | 4.0 | 3.5 |
| default | opus47-200k-medium | 7 | 4.2min | 4.2min | 0.3 | 26 | $1.18 | $8.25 | 3.8 | 3.2 |
| bash | opus47-1m-medium | 7 | 4.4min | 4.3min | 0.6 | 27 | $1.16 | $8.14 | 3.4 | 3.4 |
| default | opus47-1m-medium | 7 | 4.6min | 4.4min | 0.1 | 26 | $1.18 | $8.28 | 3.9 | 3.8 |
| bash | opus47-200k-medium | 7 | 5.1min | 4.6min | 1.4 | 33 | $1.42 | $9.93 | 3.1 | 3.7 |
| default | haiku45-200k | 7 | 4.8min | 4.8min | 3.6 | 40 | $0.38 | $2.68 | 2.4 | 2.7 |
| typescript-bun | opus46-200k | 7 | 6.2min | 4.9min | 1.9 | 35 | $1.30 | $9.09 | 3.7 | 3.4 |
| typescript-bun | haiku45-200k | 7 | 5.5min | 5.5min | 4.0 | 50 | $0.48 | $3.34 | 1.9 | 3.1 |
| powershell-tool | opus47-200k-medium | 7 | 5.7min | 5.6min | 0.0 | 29 | $1.53 | $10.72 | 4.1 | 3.6 |
| powershell | opus47-200k-medium | 7 | 5.8min | 5.7min | 0.1 | 31 | $1.53 | $10.72 | 3.9 | 3.6 |
| powershell-tool | opus47-1m-medium | 7 | 5.9min | 5.7min | 0.3 | 29 | $1.54 | $10.80 | 3.9 | 3.5 |
| default | sonnet46-1m-medium | 7 | 5.9min | 5.7min | 3.4 | 36 | $1.06 | $7.43 | 3.8 | 3.1 |
| typescript-bun | opus47-200k-medium | 7 | 7.6min | 5.9min | 0.7 | 37 | $1.56 | $10.89 | 4.0 | 3.4 |
| typescript-bun | opus47-1m-high | 7 | 8.9min | 6.1min | 0.4 | 52 | $2.75 | $19.26 | 4.3 | 3.8 |
| default | opus46-200k | 7 | 6.4min | 6.1min | 2.9 | 34 | $1.37 | $9.59 | 3.6 | 3.1 |
| typescript-bun | sonnet46-1m-medium | 7 | 7.7min | 6.1min | 2.7 | 39 | $1.30 | $9.09 | 3.8 | 3.1 |
| powershell | haiku45-200k* | 6 | 6.4min | 6.4min | 2.0 | 52 | $0.54 | $3.23 | 2.0 | 2.9 |
| bash | opus46-200k | 7 | 8.3min | 6.4min | 5.4 | 53 | $1.63 | $11.41 | 4.1 | 3.1 |
| powershell | opus47-1m-medium | 7 | 7.1min | 6.6min | 0.4 | 33 | $1.70 | $11.93 | 3.6 | 3.5 |
| typescript-bun | sonnet46-200k | 7 | 9.0min | 7.0min | 2.7 | 49 | $1.50 | $10.52 | 3.9 | 3.5 |
| powershell-tool | haiku45-200k | 7 | 7.2min | 7.2min | 1.4 | 46 | $0.48 | $3.34 | 2.4 | 2.4 |
| bash | haiku45-200k | 7 | 7.6min | 7.6min | 4.9 | 70 | $0.70 | $4.87 | 1.9 | 2.5 |
| powershell | sonnet46-1m-medium | 7 | 8.4min | 7.8min | 1.7 | 30 | $1.19 | $8.33 | 4.2 | 3.1 |
| bash | sonnet46-1m-medium | 7 | 8.2min | 7.8min | 2.1 | 35 | $1.19 | $8.35 | 2.9 | 2.9 |
| default | opus47-1m-high | 7 | 8.0min | 7.9min | 0.0 | 37 | $2.20 | $15.39 | 4.0 | 3.6 |
| powershell-tool | opus46-200k | 7 | 8.1min | 8.1min | 1.3 | 28 | $1.56 | $10.91 | 3.8 | 3.4 |
| powershell | opus46-200k | 7 | 8.8min | 8.6min | 1.0 | 33 | $1.79 | $12.50 | 3.5 | 2.9 |
| typescript-bun | opus47-1m-xhigh | 7 | 12.3min | 8.6min | 0.4 | 59 | $3.57 | $25.02 | 4.1 | 3.9 |
| powershell-tool | sonnet46-1m-medium | 7 | 10.1min | 9.3min | 2.3 | 38 | $1.52 | $10.67 | 3.3 | 3.1 |
| default | sonnet46-200k | 7 | 9.9min | 9.6min | 3.6 | 42 | $1.47 | $10.26 | 3.9 | 3.1 |
| powershell | opus47-1m-high | 7 | 10.3min | 9.7min | 0.4 | 43 | $2.80 | $19.63 | 4.1 | 3.7 |
| bash | opus47-1m-xhigh | 7 | 10.6min | 9.9min | 1.1 | 46 | $3.09 | $21.63 | 3.8 | 4.1 |
| powershell-tool | opus47-1m-xhigh* | 6 | 12.4min | 10.0min | 0.3 | 53 | $3.88 | $23.28 | 4.0 | 3.6 |
| default | opus47-1m-xhigh | 7 | 10.4min | 10.0min | 0.4 | 53 | $3.30 | $23.07 | 4.4 | 3.8 |
| bash | sonnet46-200k | 7 | 11.3min | 10.1min | 4.0 | 43 | $1.62 | $11.33 | 3.6 | 3.5 |
| powershell-tool | sonnet46-200k | 7 | 10.7min | 10.3min | 1.4 | 36 | $1.47 | $10.26 | 3.4 | 3.4 |
| bash | opus47-1m-high | 7 | 10.5min | 10.4min | 1.6 | 45 | $2.56 | $17.89 | 3.4 | 3.0 |
| powershell | sonnet46-200k | 7 | 11.2min | 11.0min | 2.3 | 33 | $1.63 | $11.41 | 3.9 | 3.4 |
| powershell-tool | opus47-1m-high | 7 | 11.8min | 11.1min | 0.7 | 54 | $3.55 | $24.84 | 3.9 | 3.9 |
| powershell | opus47-1m-xhigh | 7 | 12.5min | 11.3min | 1.0 | 54 | $3.72 | $26.06 | 4.2 | 3.8 |

</details>

<details>
<summary>Sorted by avg errors (fewest first)</summary>

| Language | Model | Runs | Avg Duration | Avg Duration Net of Traps | Avg Errors | Avg Turns | Avg Cost | Total Cost | Avg Tests Quality | Avg Workflow Craft |
|----------|-------|------|--------------|---------------------------|------------|-----------|----------|------------|---------------|-----------------|
| default | opus47-1m-high | 7 | 8.0min | 7.9min | 0.0 | 37 | $2.20 | $15.39 | 4.0 | 3.6 |
| powershell-tool | opus47-200k-medium | 7 | 5.7min | 5.6min | 0.0 | 29 | $1.53 | $10.72 | 4.1 | 3.6 |
| default | opus47-1m-medium | 7 | 4.6min | 4.4min | 0.1 | 26 | $1.18 | $8.28 | 3.9 | 3.8 |
| powershell | opus47-200k-medium | 7 | 5.8min | 5.7min | 0.1 | 31 | $1.53 | $10.72 | 3.9 | 3.6 |
| default | opus47-200k-medium | 7 | 4.2min | 4.2min | 0.3 | 26 | $1.18 | $8.25 | 3.8 | 3.2 |
| powershell-tool | opus47-1m-medium | 7 | 5.9min | 5.7min | 0.3 | 29 | $1.54 | $10.80 | 3.9 | 3.5 |
| typescript-bun | opus47-1m-medium | 7 | 5.5min | 4.2min | 0.3 | 32 | $1.33 | $9.30 | 4.0 | 3.5 |
